public/沉降量2015-2021（地形转栅格）/cjl2016.txt
ncols         346
nrows         239
xllcorner     104.24612109509
yllcorner     31.067832478695
cellsize      0.00084765149693467
NODATA_value  -9999
[rows 56 to 83 of 239, columns 192 to 255 of 346]
43.47417 42.89252 42.29183 41.68858 41.09632 41.29751 40.83965 40.4204 40.04669 39.72433 39.45816 39.25233 39.11031 40.30031 40.34192 40.44766 40.85158 41.14822 41.50626 41.92413 42.39975 42.93034 44.98553 45.61776 46.29101 47.00323 47.75269 48.53732 49.35376 50.19722 52.39576 53.24615 54.09496 54.93255 55.74866 56.53251 57.27348 57.96145 58.59225 59.81126 60.30096 60.92325 61.01418 61.21287 61.32645 61.51176 61.74581 62.2683 62.53214 62.79116 63.04105 63.27996 63.50566 63.71552 63.90772 64.08275 64.45569 64.58662 64.93802 65.1432 65.35684 65.58325 65.80993 65.99816
43.82848 43.33092 42.81467 42.84731 42.42156 42.0153 41.63754 41.29593 40.99694 40.74596 40.54747 40.40511 41.48148 41.5137 41.60382 41.7525 41.95986 42.22571 42.54942 42.93002 44.75323 45.25665 46.39954 47.03231 47.7025 48.40865 49.1496 49.92348 50.72657 52.82263 53.63711 54.45152 55.25542 56.03938 56.7951 57.51517 58.19109 59.5248 59.96882 60.25005 60.44189 60.98293 61.19759 61.40038 61.5717 61.77367 62.26343 62.52699 62.79345 63.05498 63.3066 63.54532 63.76839 63.97258 64.39997 64.55038 64.67908 64.8031 64.93935 65.09815 65.25905 65.44476 65.75047 65.99499
44.12074 43.7116 43.69814 43.34791 43.00544 42.68113 42.38351 42.11961 41.89538 41.71577 42.57001 42.55392 42.58784 42.67348 42.81178 43.00318 43.24779 43.54558 43.89624 45.61034 46.08134 46.5969 47.15417 47.74984 48.38098 49.04574 49.74325 51.71822 53.22373 54.00105 54.78132 55.55274 56.30357 57.02445 57.70969 59.05746 59.60058 60.12841 60.54778 60.74682 60.96195 61.01071 61.2766 61.53833 61.97845 62.24109 62.50788 62.77792 63.04675 63.30921 63.56126 63.79978 64.26883 64.47224 64.64897 64.7962 64.91991 65.03338 65.17162 65.31905 65.43261 65.73397 65.99133 66.00181
44.57855 44.33354 44.06939 43.80102 43.54038 43.29711 43.07899 42.89236 42.7425 43.5009 43.50339 43.54937 43.64077 43.77893 43.96458 44.19803 44.47933 46.01308 46.41587 46.86115 47.34786 47.87402 48.43678 49.033 49.66019 51.51389 52.18589 52.88317 53.60329 54.34059 55.08572 55.82645 56.54925 57.24067 59.15766 59.61376 60.05672 60.56065 60.97435 61.00563 61.15331 61.24186 61.66853 61.92394 62.19509 62.47026 62.74575 63.01956 63.28917 63.55162 63.80427 64.27843 64.50957 64.72063 64.90233 65.04755 65.15878 65.25771 65.41064 65.84812 65.99679 65.99836 66.00594 66.09093
44.7588 44.58651 44.39951 44.21034 44.02958 43.86583 43.72604 44.29178 44.2877 44.31818 44.38583 44.49274 44.64044 44.82994 45.06179 46.41737 46.76884 47.15812 47.58534 48.05003 48.55093 49.08588 49.65207 50.24662 52.00147 52.63496 53.29007 53.96633 54.66091 55.36748 56.07586 56.77293 58.23968 58.80894 59.31201 59.7323 60.06411 60.33822 60.75451 61.15065 61.30668 61.64941 61.87925 62.14066 62.41748 62.69793 62.9761 63.24984 63.51804 63.99062 64.2467 64.49797 64.7403 64.96502 65.15847 65.3053 65.40193 65.47678 65.75157 65.99668 66.05122 66.02248 66.01012 66.20267
44.97426 44.90298 44.80378 44.5796 44.47654 44.87443 44.88586 44.92326 44.98962 45.08741 45.21869 45.38503 45.58752 45.82686 47.09005 47.44195 47.82634 48.24355 48.69368 49.17612 49.68938 50.23115 51.87579 52.46028 53.06163 53.67992 54.31553 54.96769 55.633 56.30453 56.97188 58.3734 58.93699 59.45108 59.89803 60.25574 60.51295 60.74641 60.99241 61.19025 61.39353 61.60653 61.8342 62.08543 62.35695 62.91967 63.19604 63.46617 63.92505 64.18145 64.4388 64.69696 64.95251 65.19603 65.4094 65.56594 65.8716 65.91734 65.99744 66.00023 66.01147 66.01555 66.1465 66.3876
45.03127 45.02331 44.99205 44.9516 45.2154 45.25977 45.32176 45.4053 45.51325 45.81078 46.00369 46.22755 47.32844 47.66193 48.02264 48.41068 48.82628 49.26971 49.74097 50.23925 50.76284 52.32003 52.88337 53.45956 54.04802 54.64905 55.26289 55.88817 56.52061 57.91394 58.48393 59.02529 59.52894 59.98582 60.38298 60.6894 60.84208 61.1054 61.16909 61.33348 61.54228 61.7736 62.02302 62.29013 62.56966 62.85278 63.3313 63.59391 63.84883 64.1002 64.35058 64.86793 65.13332 65.39516 65.79269 65.99802 66.00025 66.00012 66.0233 66.01733 66.02062 66.13997 66.34196 66.9247
45.07925 45.126 45.30128 45.39159 45.49099 45.60471 45.73661 45.88947 46.06522 46.2653 47.13095 47.43949 47.77124 48.12585 48.50304 49.32484 49.76969 50.23742 50.72778 52.17825 52.71532 53.26374 53.82143 54.38715 54.96082 55.54289 56.13317 57.49287 58.05077 58.59087 59.10249 59.57648 60.00732 60.3911 60.72559 60.99185 61.10687 61.22743 61.34494 61.51312 61.7226 61.96057 62.2199 62.49489 62.97925 63.25426 63.51784 63.76979 64.01432 64.25634 64.49952 64.74883 65.00595 65.35938 65.60239 65.8289 66.00011 66.01612 66.00757 66.02561 66.14209 66.55285 66.85495 67.25854
45.14748 45.28767 45.42998 45.58081 45.74461 45.92469 46.12343 46.34251 46.58295 47.39223 47.73416 48.09607 48.4775 48.87769 49.29596 49.73208 50.18608 51.49292 52.00244 52.5239 53.59531 54.14063 54.69003 55.24295 55.79999 56.36174 57.64568 58.18043 58.69881 59.18788 59.63524 60.03214 60.37555 60.65834 61.00002 61.11297 61.23662 61.37575 61.52625 61.70717 61.9202 62.16063 62.42267 62.90017 63.17414 63.43981 63.69182 63.93179 64.16594 64.39864 64.63321 64.99335 65.22176 65.43436 65.64171 65.82954 65.9995 66.03868 66.03457 66.0307 66.351 66.55059 66.8102 67.63615
45.17282 45.35378 45.54748 45.75616 45.98141 46.2246 46.48679 47.1722 47.53162 47.9091 48.30415 48.71611 49.14404 49.58672 50.04319 50.51306 51.75765 52.27613 52.80257 53.33548 53.87271 54.41189 54.95094 55.48898 56.73672 57.25388 58.28733 58.79245 59.2721 59.7095 60.08987 60.40477 60.66292 60.99879 61.10275 61.2286 61.3759 61.53845 61.7134 61.90794 62.12595 62.57574 62.83214 63.09777 63.3624 63.61636 63.85515 64.08228 64.30785 64.53305 64.88815 65.12033 65.35204 65.56621 65.74994 65.90318 66.00031 66.07031 66.25851 66.39331 66.56914 66.78996 67.08047 67.48713
45.19518 45.416 45.65961 45.92357 46.20692 46.50952 47.16164 47.5574 47.97056 48.39996 48.84451 49.303 49.77399 50.25586 51.41099 51.93908 52.47202 53.00935 53.54973 54.09102 54.63056 55.1658 55.69498 56.87749 57.37302 57.86522 58.35816 58.84999 59.32777 59.7707 60.15729 60.77687 60.9991 61.0016 61.15977 61.33765 61.52187 61.71118 61.90654 62.32235 62.5468 62.78459 63.0349 63.29188 63.54565 63.78687 64.01129 64.22363 64.58224 64.79288 65.01205 65.24699 65.48825 65.70567 65.8608 65.99911 66.11978 66.25435 66.40845 66.5825 66.78075 67.02131 67.34893 67.83228
45.21954 45.48219 45.7741 46.08971 46.6462 47.0537 47.48167 47.9281 48.391 48.86846 49.35874 49.86006 50.93622 51.48544 52.03643 52.58847 53.14132 53.69427 54.24544 54.79197 55.33054 56.49157 56.98922 57.46911 57.93602 58.39764 58.86201 59.33031 59.78354 60.52571 60.79217 60.99652 61.00083 61.07953 61.14341 61.29679 61.48784 61.69151 62.31843 62.53621 62.75991 62.99332 63.2364 63.48425 63.7275 63.95669 64.34023 64.53246 64.73006 64.92422 65.13235 65.366 65.61686 65.84421 65.92552 66.08426 66.22212 66.38853 66.57126 66.76431 66.9741 67.23354 67.60799 68.56709
45.00362 45.26309 46.04473 46.44106 46.86779 47.32019 47.79452 48.28755 48.79626 49.31794 49.85011 50.89655 51.47379 52.05071 52.62568 53.19796 53.76724 54.33256 54.89145 56.03831 56.56624 57.06952 57.54618 57.9977 58.4298 58.85276 59.28091 59.72561 60.45187 60.7772 60.90855 61.00084 61.08671 61.19383 61.3111 61.4761 61.8832 62.09948 62.31866 62.53656 62.75385 62.9744 63.20208 63.43772 63.9127 64.3214 64.5246 64.71248 64.89631 65.0806 65.26317 65.48126 65.72124 65.99834 66.08569 66.19981 66.35858 66.54359 66.73723 66.93296 67.14654 67.42894 68.15639 69.02689
45.13879 45.47998 45.81041 46.1961 46.62603 47.0913 47.58518 48.63845 49.18932 50.17142 50.77538 51.38107 51.98534 52.5857 53.18056 53.76932 54.3516 54.92614 56.0437 56.58971 57.10941 57.59764 58.05167 58.47218 58.86448 59.23938 59.88605 60.27496 60.67574 60.99251 61.00129 61.09496 61.21233 61.34697 61.49833 61.89717 62.10715 62.32505 62.54363 62.75956 62.97351 63.18921 63.41067 63.84109 64.06938 64.29745 64.51694 64.72029 64.90405 65.27893 65.50089 65.69867 65.99863 66.00185 66.16245 66.32735 66.51038 66.70543 66.89764 67.08701 67.46654 67.84773 68.51734 69.62858
45.25823 45.56302 45.9269 46.34622 46.81215 47.31572 47.84942 48.407 49.32345 49.94858 50.58028 51.21407 51.84604 53.09237 53.70306 54.30461 55.40514 55.98985 56.55643 57.09861 57.60934 58.08252 58.51458 58.90533 59.25829 59.92499 60.19357 60.47009 60.79474 61.00244 61.11773 61.23955 61.37708 61.73578 61.92188 62.12474 62.33895 62.55687 62.77261 62.98415 63.19286 63.61272 63.82275 64.04135 64.26723 64.49622 64.72041 64.92911 65.11115 65.2662 65.59268 65.80809 66.00034 66.09926 66.20538 66.48186 66.66969 66.86514 67.20176 67.3923 67.66006 68.13277 68.98125 70.39305
45.28805 45.63135 46.03492 46.49356 46.99861 47.5413 48.38089 49.01353 49.66173 50.31923 50.98022 51.63972 52.29364 52.93875 54.03061 54.66136 55.2782 55.88082 56.46713 57.56976 58.07126 58.53024 58.94285 59.68462 59.98834 60.26294 60.51761 60.75813 60.998 61.15554 61.2835 61.60605 61.76883 61.94889 62.14565 62.35576 62.57293 62.78983 63.0015 63.20711 63.62011 63.81654 64.02191 64.2377 64.46245 64.6946 64.92825 65.15189 65.60284 65.75047 65.81007 65.88724 66.00031 66.13014 66.27302 66.43391 66.61407 66.94287 67.16348 67.36923 67.59322 68.52634 69.58548 71.31108
45.31118 45.69363 46.14062 46.64203 47.38565 48.00594 48.65288 49.31987 50.00015 50.68687 51.37357 52.05483 52.72646 53.81696 54.46907 55.10458 55.72439 56.32835 56.91407 57.47639 58.00774 58.89777 59.32793 59.70269 60.02347 60.55772 60.7998 60.99925 61.17596 61.32143 61.6254 61.79089 61.96949 62.16241 62.36886 62.58506 62.80437 63.01978 63.44602 63.63819 63.82418 64.01218 64.21361 64.42712 64.65091 64.88477 65.12852 65.56639 65.84124 65.99779 66.00003 66.00002 66.04283 66.15756 66.3102 66.54596 66.79651 67.06371 67.3251 67.58167 67.87895 68.3259 69.09833 70.42239
45.33662 45.76247 46.2547 46.97399 47.5971 48.25249 48.93296 49.63158 50.34113 51.05401 51.76302 52.86587 53.56169 54.23746 54.89325 55.53035 56.15022 56.75293 57.33579 57.89315 58.80056 59.26804 59.68064 60.03159 60.31858 60.55287 60.77157 60.99568 61.21197 61.41111 61.78156 61.96958 62.16602 62.37226 62.58764 62.80881 63.02953 63.45785 63.65736 63.84429 64.02222 64.1991 64.39832 64.60812 64.82719 65.21211 65.43988 65.68834 65.99558 66.09525 66.08869 66.07085 66.09264 66.20041 66.358 66.59064 66.87984 67.19849 67.52644 67.8728 68.29388 68.90872 70.98596 73.02458
45.38996 46.00712 46.5609 47.17226 47.82629 48.51276 49.22353 49.95102 50.68717 51.42343 52.54361 53.26979 53.97302 54.65225 55.30856 55.94424 56.56134 57.16005 58.12315 58.66174 59.16095 59.61105 60.00302 60.32752 60.57311 60.73606 60.99977 61.1271 61.31833 61.52551 61.73205 61.93781 62.14621 62.35925 62.57749 63.00601 63.45111 63.66159 63.85994 64.04506 64.2178 64.38113 64.58246 64.96346 65.1568 65.3634 65.58375 65.80309 66.00009 66.08861 66.09912 66.09363 66.13068 66.21497 66.38578 66.64712 66.98282 67.36906 67.7923 68.27168 69.62831 70.76653 72.31595 74.72933
45.67806 46.17627 46.75446 47.39199 48.07352 48.78796 49.52639 50.28039 51.40525 52.18229 52.94261 53.67871 54.38676 55.06658 55.72039 56.35159 57.3586 57.9398 58.49595 59.01887 59.49821 59.92445 60.29079 60.59038 60.80455 61.00103 61.11237 61.2617 61.4518 61.66233 61.88014 62.10126 62.32521 62.74412 62.97702 63.20562 63.42863 63.64468 63.85281 64.05287 64.24303 64.42671 64.9687 65.14195 65.31416 65.50192 65.7123 65.89861 66.00034 66.06248 66.05882 66.07955 66.12439 66.22983 66.42857 66.72958 67.12366 67.59525 68.14054 69.42297 70.52246 72.03748 73.91474 76.82291
45.37416 45.8261 46.36019 46.96634 47.63005 48.33772 50.17413 50.97747 51.78307 52.57871 53.35279 54.09699 54.80751 55.48504 56.13316 57.16088 57.75 58.3171 58.8569 59.35919 59.81128 60.20271 60.52972 60.88982 61.00105 61.10025 61.23848 61.40675 61.603 61.81778 62.04298 62.27426 62.69757 62.93815 63.17332 63.40009 63.61753 63.82636 64.02946 64.23215 64.595 64.78255 64.96661 65.14711 65.32406 65.48343 65.63151 65.82936 66.03452 66.0197 66.02751 66.0499 66.12321 66.26148 66.49943 66.8521 67.31888 68.28194 69.1281 70.15213 71.44096 73.21826 75.70332 79.09037
45.54582 46.00766 46.56361 47.19477 47.88423 48.91296 49.70612 50.52184 51.3497 52.17727 52.99088 53.77758 55.23857 56.34376 56.96848 57.56359 58.13537 58.68475 59.20508 59.68292 60.10115 60.44474 60.8689 61.00003 61.10591 61.22955 61.38416 61.56516 61.76826 61.98763 62.40215 62.64419 62.8898 63.13316 63.36834 63.59121 63.80062 63.99857 64.19157 64.56407 64.75407 64.93947 65.12626 65.31599 65.50435 65.67834 65.82678 65.99976 65.94769 65.96822 65.98927 66.01147 66.05853 66.15263 66.6104 67.2619 67.9284 68.77985 69.82607 71.07872 72.571 74.65977 77.68993 81.50284
45.69741 46.18963 46.77459 47.68296 48.43288 49.22382 50.04536 50.888 51.74086 52.59029 53.42116 54.21907 55.43356 56.13414 56.78255 57.38763 57.96036 59.03765 59.53662 59.98911 60.62047 60.85955 60.99861 61.09977 61.22126 61.36861 61.5408 61.73373 62.12654 62.35408 62.59114 62.83552 63.08326 63.3279 63.56241 63.78145 63.98296 64.35701 64.53613 64.72774 64.90573 65.08398 65.26924 65.46561 65.66527 65.92606 66.00047 66.01314 65.98264 65.98251 66.00929 66.03026 66.09487 66.21355 66.56289 66.9706 67.55688 68.3522 69.38456 72.25911 74.03726 76.60814 82.48809 86.78526
45.81994 46.36125 47.20656 47.94326 48.72916 49.5527 50.40435 51.27487 52.15294 53.02375 54.33824 55.15137 55.90497 56.59424 57.22291 57.80159 58.34447 58.86457 59.66305 60.11435 60.51629 60.83277 60.99851 61.15891 61.33145 61.51235 61.70493 62.09277 62.31371 62.54312 62.78111 63.02622 63.27465 63.51991 63.75439 64.15942 64.36096 64.54802 64.72667 64.90257 65.0666 65.22283 65.3936 65.58569 65.89079 66.00001 66.03857 66.03542 66.0116 66.00368 66.01619 66.05058 66.21353 66.41461 66.73657 67.2204 67.90939 68.84521 70.0663 71.60295 73.4716 77.72334 81.09888 85.04881
46.06985 46.7227 47.44414 48.22249 49.04568 49.90314 50.78587 51.68453 53.0435 53.95107 54.82153 55.63676 56.38374 57.05704 57.66022 58.20498 58.70886 59.48203 59.91755 60.34004 60.70605 60.99498 61.11052 61.16257 61.30205 61.65363 61.85431 62.06433 62.28056 62.73144 62.96825 63.2123 63.46003 63.70518 64.11452 64.33537 64.54018 64.73074 64.91072 65.08125 65.23726 65.37683 65.66019 65.76698 65.99754 66.06233 66.07249 66.05602 66.03251 66.0247 66.04066 66.1559 66.31152 66.56398 66.95126 67.51939 68.32137 69.4119 70.84557 73.7901 76.49286 79.70908 83.42509 87.60149
46.26424 46.95006 47.71048 48.52757 49.38734 50.27874 51.19237 52.5759 53.52019 54.44014 55.31566 56.12823 56.86442 57.518 58.09126 58.97635 59.37202 59.73813 60.13389 60.52911 60.82113 61.00377 61.18159 61.31274 61.64716 61.8375 62.0417 62.25371 62.47007 62.69033 62.91611 63.14937 63.55795 63.79875 64.03929 64.4945 64.70267 64.89847 65.08398 65.25845 65.41646 65.73544 65.83532 65.89391 66.00037 66.06739 66.08089 66.06547 66.04558 66.06276 66.10133 66.23357 66.44231 66.7549 67.21391 67.87344 68.79731 70.7952 72.71396 75.16234 78.21561 81.77782 85.77223 90.12158
46.48485 47.20887 48.00762 48.86218 49.75758 51.11398 52.08407 53.05579 54.01386 54.93999 55.81434 56.61897 57.34088 57.9733 58.93681 59.35999 59.69624 59.9735 60.33063 60.74541 60.99958 61.16057 61.47751 61.64423 61.82636 62.02355 62.23109 62.44367 62.65826 62.87467 63.26828 63.48792 63.71541 63.94891 64.18354 64.4126 64.63307 64.84343 65.04501 65.36829 65.74904 65.90147 65.99914 66.0004 66.04924 66.08549 66.08958 66.09007 66.08316 66.09819 66.13804 66.3442 66.61872 66.99858 67.53477 68.29201 69.97877 71.61606 73.77699 76.63681 80.05846 83.93321 88.15606 92.62277
46.05041 46.73016 47.49824 48.69891 50.58948 51.5742 52.5674 53.55479 54.51986 55.4444 56.30998 57.10077 58.24972 58.84747 59.35283 59.76003 60.06981 60.30256 60.51554 60.9763 61.24068 61.4355 61.61877 61.80546 62.00167 62.20736 62.41875 62.63157 62.8434 63.23092 63.43698 63.64759 63.86529 64.08871 64.31422 64.53456 64.75056 65.05524 65.25989 65.46561 65.66939 65.85593 65.99937 66.07234 66.08821 66.10689 66.13109 66.11806 66.12749 66.18519 66.29652 66.5301 66.85873 67.30732 68.40016 69.37261 70.70892 72.58496 75.0881 78.29633 82.05466 86.20781 90.61625 97.76471
