public/沉降量2015-2021（地形转栅格）/cjl2018.txt
ncols         346
nrows         239
xllcorner     104.24612109509
yllcorner     31.067832478695
cellsize      0.00084765149693467
NODATA_value  -9999
[rows 140 to 167 of 239, columns 256 to 319 of 346]
203.2299 203.7685 204.2875 204.7879 205.2704 205.736 206.1855 206.6198 207.1866 207.5862 207.9733 208.3486 208.7126 209.0661 209.4095 209.7435 210.4787 210.7828 211.0794 211.3689 211.6516 211.9279 212.198 212.4622 212.7206 213.0238 213.2675 213.5061 213.7399 213.9692 214.1941 214.4149 214.6316 214.86 215.0656 215.2677 215.4666 215.6623 215.8552 216.0453 216.233 216.4181 216.5814 216.7588 216.9344 217.108 217.2801 217.4507 217.6201 217.7881 217.9071 218.0702 218.2326 218.3944 218.5556 218.7166 218.8772 219.198 219.3584 219.439 219.5972 219.7556 219.9144 220.0737
203.4465 203.9744 204.4834 204.9743 205.448 205.9052 206.5044 206.924 207.33 207.723 208.1038 208.4731 208.8314 209.1794 209.5175 209.946 210.2612 210.5684 210.8678 211.1599 211.4448 211.7231 212.2609 212.5761 212.8261 213.0708 213.3103 213.5449 213.7747 214 214.221 214.4379 214.6665 214.8719 215.0737 215.2723 215.4675 215.6598 215.8492 216.0359 216.2037 216.3821 216.5583 216.7324 216.9046 217.0752 217.2441 217.4118 217.578 217.6945 217.8555 218.0158 218.1752 218.3341 218.4924 218.6505 218.8083 218.8907 219.0455 219.2004 219.3554 219.5108 219.6664 219.9792
203.6579 204.1754 204.6747 205.1563 205.6213 206.2319 206.6583 207.0706 207.4698 207.8564 208.2309 208.5943 208.9469 209.3961 209.7236 210.0423 210.3526 210.6549 210.9497 211.2371 211.5175 211.7912 212.1194 212.3766 212.6279 212.8738 213.1143 213.5802 213.806 214.0273 214.2643 214.4734 214.6787 214.8803 215.0785 215.2734 215.465 215.6537 215.8396 216.0062 216.1836 216.3588 216.5316 216.7025 216.8715 217.0388 217.2047 217.3232 217.4833 217.6424 217.8004 217.9577 218.1142 218.2702 218.4257 218.5809 218.6599 218.8119 218.9639 219.116 219.2682 219.4208 219.5736 219.727
203.8643 204.3718 204.8616 205.5083 205.9566 206.3898 206.8087 207.2139 207.6063 207.9864 208.3548 208.8271 209.1683 209.4998 209.822 210.1357 210.4409 210.7383 211.0283 211.311 211.6531 211.9179 212.1766 212.4295 212.6765 212.9181 213.1544 213.3857 213.6407 213.8584 214.0718 214.2809 214.4862 214.8854 215.0798 215.271 215.4591 215.6313 215.8101 215.9863 216.1602 216.332 216.5015 216.6691 216.8349 216.9559 217.1154 217.2737 217.4307 217.5868 217.7418 217.8961 218.0497 218.2028 218.2815 218.4309 218.5802 218.7295 218.8787 219.028 219.1774 219.3271 219.4772 219.525
204.066 204.7517 205.2233 205.6786 206.1187 206.5442 206.9557 207.3539 207.7397 208.1133 208.5933 208.9388 209.2744 209.6005 209.9174 210.2259 210.5261 210.8186 211.1763 211.4496 211.7162 211.9765 212.2308 212.4791 212.7218 212.9591 213.1912 213.4478 213.666 213.8798 214.0891 214.2944 214.4956 214.6932 214.8871 215.0725 215.2563 215.4372 215.7903 215.963 216.1335 216.3018 216.468 216.6323 216.7514 216.9093 217.0657 217.2208 217.3748 217.5277 217.6799 217.8311 217.9103 218.0574 218.2043 218.3508 218.4972 218.6436 218.7899 218.9364 219.0829 219.1291 219.2736 219.4187
203.9608 204.4569 204.9359 205.8456 206.2777 206.6954 207.0996 207.4909 207.9972 208.358 208.7081 209.0477 209.3776 209.6982 210.0098 210.3131 210.6083 210.9703 211.2458 211.5143 211.7763 212.032 212.2817 212.5256 212.764 213.0317 213.2553 213.4741 213.6882 213.8979 214.1032 214.3044 214.5017 214.6954 214.8809 215.064 215.2441 215.4213 215.5956 215.7673 215.9365 216.1035 216.2315 216.391 216.7048 216.8595 217.0125 217.1645 217.3153 217.4652 217.6144 217.6908 217.8355 217.9797 218.1235 218.2671 218.4106 218.5541 218.6976 218.7425 218.8835 219.0248 219.1665 219.3088
204.16 204.6466 205.1166 205.5706 206.0093 206.4334 206.8436 207.3786 207.756 208.4762 208.82 209.1538 209.4781 209.7931 210.0994 210.479 210.7641 211.0418 211.3123 211.5761 211.8334 212.0845 212.3296 212.5691 212.839 213.0634 213.2827 213.4972 213.7072 213.9128 214.1141 214.3113 214.5045 214.6904 214.8729 215.0523 215.2287 215.4021 215.5728 215.741 215.9067 216.0336 216.1916 216.3478 216.5022 216.655 216.8062 216.9562 217.1049 217.1867 217.4734 217.6156 217.7573 217.8985 218.0394 218.1801 218.3207 218.4612 218.5026 218.6404 218.7785 218.9169 219.0558 219.1953
204.3557 204.833 205.2941 205.7395 206.17 206.7362 207.1314 207.5139 207.8844 208.2435 208.5916 208.9294 209.2572 209.6707 210.2702 210.5577 210.8377 211.1104 211.376 211.6349 211.8875 212.1339 212.4165 212.6469 212.872 213.092 213.307 213.5173 213.7231 213.9245 214.1263 214.3155 214.501 214.683 214.8617 215.0373 215.21 215.3798 215.5469 215.6787 215.8374 215.9939 216.1486 216.3012 216.4523 216.6017 216.7498 216.8336 216.976 217.1175 217.258 217.3979 217.537 217.6758 217.8141 218.0897 218.1307 218.2653 218.4 218.5349 218.6702 218.8056 218.9417 219.0783
204.5482 205.0164 205.4686 206.0688 206.483 206.8836 207.2713 207.6466 208.0103 208.3626 208.7044 209.036 209.4561 209.763 210.0614 210.3515 210.6338 210.9085 211.1761 211.4367 211.987 212.2241 212.4555 212.6814 212.902 213.1176 213.3283 213.5342 213.7358 213.9385 214.1276 214.3128 214.4944 214.6725 214.8474 215.0192 215.1881 215.3254 215.4854 215.6429 215.798 215.951 216.1022 216.2515 216.3992 216.5453 216.6271 216.7674 216.9067 217.045 217.1824 217.3191 217.4553 217.591 217.6351 217.7671 217.8988 218.0305 218.1623 218.2941 218.4262 218.691 218.8242 218.8341
204.7377 205.1967 205.8092 206.2293 206.6355 207.0284 207.4086 207.7767 208.1335 208.4793 208.9222 209.2415 209.5515 209.8527 210.1454 210.4301 210.707 210.9766 211.239 211.5498 211.7942 212.0323 212.2646 212.4915 212.7129 212.929 213.3465 213.5588 213.7518 213.9408 214.1258 214.307 214.4846 214.6589 214.8299 214.9978 215.1349 215.2936 215.4499 215.6038 215.7554 215.905 216.0526 216.1985 216.2834 216.4229 216.561 216.6981 216.8342 216.9693 217.1035 217.2372 217.3703 217.4115 217.5407 217.6696 217.7983 217.9271 218.0559 218.1848 218.3139 218.3247 218.4516 218.5791
205.1084 205.5494 205.9755 206.3872 206.7854 207.1705 207.5434 207.9044 208.2542 208.7049 209.0274 209.3404 209.6444 209.9397 210.2267 210.5059 210.7775 211.1042 211.3564 211.6021 211.8414 212.0748 212.3023 212.5245 212.7413 212.9529 213.1759 213.3733 213.5663 213.7552 213.94 214.2982 214.4718 214.6422 214.7855 214.9459 215.1036 215.2586 215.4113 215.5615 215.7097 215.8557 215.9999 216.0832 216.2208 216.3569 216.4918 216.6257 216.7585 216.8904 217.0216 217.0637 217.1905 217.3169 217.4431 217.5688 217.6946 217.8203 217.9461 218.0721 218.0794 218.2029 218.3268 218.4513
205.2896 205.7217 206.1392 206.5425 206.9327 207.3101 207.6756 208.1519 208.4879 208.8138 209.1298 209.4367 209.7347 210.0241 210.3054 210.6496 210.9102 211.1639 211.4109 211.6514 211.8859 212.1143 212.3372 212.5546 212.7891 212.9915 213.1892 213.3823 213.571 213.7556 213.9362 214.113 214.2711 214.4369 214.5993 214.7588 214.9153 215.2206 215.3696 215.5163 215.6608 215.7479 215.8851 216.0208 216.155 216.2878 216.4194 216.55 216.6797 216.7232 216.8481 216.9722 217.0959 217.2192 217.3422 217.4649 217.5876 217.7103 217.717 217.837 217.9572 218.0777 218.1987 218.3202
205.0301 205.8915 206.3003 206.6954 207.0775 207.5817 207.9322 208.2718 208.6009 208.92 209.2296 209.5303 209.8223 210.1059 210.4549 210.7173 210.9725 211.2209 211.4626 211.6981 211.9275 212.151 212.398 212.6058 212.8086 213.0064 213.1996 213.3884 213.5727 213.753 213.9295 214.0883 214.2532 214.4149 214.5734 214.729 214.8817 215.0318 215.1795 215.2769 215.4164 215.5539 215.8232 215.9554 216.0863 216.2157 216.344 216.4713 216.5126 216.6349 216.7565 216.8775 216.998 217.1182 217.2382 217.3578 217.3642 217.4809 217.5977 217.7145 217.8316 217.9492 218.0672 218.1857
205.2154 205.6444 206.0587 206.4588 206.993 207.3591 207.7134 208.3889 208.7111 209.0236 209.3269 209.6213 209.9893 210.2612 210.5254 210.7823 211.032 211.2751 211.5115 211.7418 211.9662 212.2158 212.4241 212.6272 212.8253 213.0185 213.2071 213.3914 213.5714 213.739 213.907 214.0714 214.2323 214.39 214.5445 214.6962 214.8451 214.9914 215.0881 215.226 215.3619 215.4958 215.6279 215.7582 215.887 216.0144 216.0622 216.1839 216.4244 216.5434 216.6619 216.7797 216.8971 217.0142 217.131 217.1342 217.2477 217.3614 217.475 217.5888 217.7029 217.8175 217.9324 217.9069
205.3979 205.8177 206.3845 206.7674 207.1377 207.4958 207.8425 208.1782 208.5034 208.8187 209.1246 209.5132 209.795 210.3346 210.5931 210.8444 211.0887 211.3263 211.5576 211.8208 212.0351 212.2439 212.4473 212.6457 212.839 213.0277 213.2118 213.3916 213.5602 213.7276 213.8913 214.0515 214.2084 214.362 214.5127 214.6604 214.763 214.9016 215.038 215.1722 215.3044 215.4347 215.5633 215.6902 215.8156 215.8615 215.981 216.0992 216.2166 216.3332 216.4489 216.5641 216.6789 216.7968 216.9072 217.0178 217.1281 217.2386 217.3492 217.46 217.571 217.6825 217.6532 217.7626
205.7542 206.1555 206.543 206.9174 207.2795 207.6297 207.9687 208.2971 208.6152 209.0256 209.3181 209.6021 209.8777 210.1452 210.4052 210.6579 210.9036 211.1932 211.641 211.8559 212.0651 212.269 212.4676 212.6612 212.8499 213.034 213.2122 213.3831 213.5501 213.7132 213.8727 214.0287 214.1815 214.3311 214.44 214.5801 214.7175 214.8523 214.985 215.1155 215.244 215.3707 215.4957 215.545 215.6635 215.7807 215.8967 216.0116 216.1256 216.2389 216.3515 216.3597 216.468 216.5757 216.6833 216.7907 216.8981 217.0054 217.1126 217.3279 217.2975 217.4029 217.5088 217.6152
205.9277 206.3198 206.6985 207.0645 207.4183 207.7606 208.092 208.526 208.83 209.1248 209.4107 209.6881 209.9574 210.2189 210.4729 210.7199 211.0133 211.2412 211.4627 211.6783 211.8881 212.0923 212.2912 212.4849 212.8626 213.0374 213.208 213.3744 213.537 213.6958 213.8512 214.0031 214.1517 214.2605 214.3993 214.5354 214.669 214.8001 214.929 215.0558 215.1807 215.2339 215.3517 215.4681 215.5832 215.6969 215.8095 215.9211 216.0318 216.1417 216.1476 216.2531 216.358 216.4626 216.5669 216.6712 216.7753 216.8795 216.8516 216.9528 217.0542 217.1561 217.2585 217.3613
206.0978 206.4808 206.8507 207.2082 207.554 207.8885 208.3294 208.6359 208.9329 209.2208 209.5002 209.7712 210.0343 210.2898 210.5999 210.8351 211.0638 211.2862 211.5024 211.7127 211.9172 212.1164 212.3103 212.5106 212.6899 212.8645 213.0347 213.2008 213.3628 213.6756 213.8267 213.9429 214.0834 214.2209 214.3557 214.4879 214.6176 214.745 214.8701 214.9933 215.0452 215.1611 215.2754 215.3883 215.4999 215.6102 215.7193 215.8276 215.8351 215.9384 216.0412 216.1433 216.2451 216.3463 216.4475 216.5485 216.6495 216.6185 216.7165 216.8145 216.9129 217.0116 217.1108 217.2106
206.2644 206.6384 206.9995 207.3486 207.8152 208.1343 208.4433 208.7426 209.0326 209.3138 209.5866 209.8513 210.1081 210.4223 210.6586 210.8882 211.1113 211.3282 211.539 211.744 211.9434 212.1557 212.3398 212.519 212.6935 212.8634 213.029 213.1906 213.3483 213.5022 213.6263 213.769 213.9084 214.0448 214.1783 214.4375 214.5634 214.6869 214.7435 214.8592 214.9731 215.0854 215.1962 215.3056 215.4136 215.5205 215.6263 215.6317 215.7323 215.8324 215.9317 216.0306 216.1291 216.2272 216.3251 216.2941 216.3887 216.4834 216.5783 216.6733 216.7685 216.8641 216.9603 217.0569
206.4273 206.7922 207.2865 207.6191 207.9408 208.2521 208.5537 208.8459 209.129 209.4035 209.6698 210.0018 210.2463 210.4838 210.7143 210.9382 211.1557 211.3671 211.5726 211.7977 211.9869 212.1709 212.35 212.5244 212.6942 212.8595 213.0206 213.1776 213.3104 213.4556 213.5973 213.7357 213.871 214.0033 214.1328 214.2597 214.3279 214.446 214.562 214.6758 214.8981 215.0068 215.1141 215.2199 215.3244 215.3323 215.4312 215.5293 215.6266 215.7233 215.8193 215.9149 216.0101 215.9798 216.0712 216.1625 216.254 216.3455 216.4372 216.5291 216.6211 216.7135 216.6499 216.7404
206.2176 206.7414 207.0887 207.4243 207.7488 208.3665 208.6608 208.9459 209.2221 209.573 209.8264 210.0722 210.3107 210.5421 210.7669 210.9851 211.197 211.403 211.6307 211.82 212.0041 212.1832 212.3574 212.5269 212.6919 212.8525 212.9945 213.1426 213.287 213.4278 213.5652 213.6994 213.8306 213.9589 214.0844 214.1521 214.2687 214.383 214.4952 214.6053 214.7136 214.8203 214.9253 214.9412 215.0399 215.1375 215.3294 215.424 215.518 215.6113 215.704 215.7963 215.7633 215.8517 215.9398 216.028 216.1162 216.2046 216.2931 216.3817 216.3173 216.4035 216.4904 216.5778
206.5416 206.8923 207.2309 207.5582 207.8747 208.1808 208.4772 208.7643 209.1353 209.3981 209.6528 210.1393 210.3717 210.5972 210.8162 211.0289 211.2703 211.4655 211.6551 211.8392 212.0183 212.1923 212.3616 212.5264 212.6866 212.8297 212.9771 213.1207 213.2606 213.397 213.5302 213.6603 213.7874 213.8614 213.9789 214.0939 214.2066 214.3171 214.4255 214.5319 214.6366 214.7396 214.7539 214.8505 214.9457 215.0397 215.1327 215.2247 215.3159 215.4065 215.3786 215.4646 215.6356 215.7207 215.8056 215.8905 215.9755 216.0607 216.146 216.0783 216.161 216.2442 216.3279 216.4122
206.6971 207.0389 207.369 207.6881 207.9967 208.2953 208.6875 208.9604 209.2247 209.4809 209.729 209.9697 210.2031 210.4295 210.6492 210.9054 211.3023 211.492 211.6764 211.8554 212.0293 212.1984 212.3628 212.5161 212.6669 212.8138 212.9567 213.0958 213.2313 213.3634 213.4923 213.6182 213.6921 213.8083 213.9218 214.0329 214.1417 214.2483 214.3529 214.4556 214.4739 214.5697 214.664 214.757 214.8486 214.9391 215.0286 215.1172 215.205 215.1749 215.258 215.3408 215.423 215.5051 215.5869 215.6686 215.7502 215.7643 215.8432 215.9224 216.002 216.082 216.1626 216.2437
206.8481 207.1811 207.5029 207.8139 208.2287 208.5123 208.7869 209.0528 209.3104 209.56 209.8018 210.0363 210.2636 210.5352 210.7433 210.9451 211.141 211.3309 211.5154 211.6945 211.8683 212.0422 212.356 212.5063 212.6526 212.795 212.9333 213.068 213.1992 213.3269 213.408 213.5255 213.6402 213.7523 213.8619 213.969 214.074 214.1768 214.1994 214.2947 214.3884 214.4805 214.5712 214.6606 214.7487 214.8357 214.9218 214.8937 214.9747 215.055 215.1347 215.214 215.2929 215.3716 215.4502 215.3859 215.4611 215.5365 215.6119 215.6876 215.7637 215.8401 215.917 216.0724
206.9944 207.3189 207.6325 208.053 208.3386 208.6149 208.8825 209.1415 209.3924 209.6355 209.8711 210.1589 210.3742 210.5829 210.7852 210.9815 211.1718 211.3564 211.5355 211.7094 211.8849 212.0438 212.1982 212.348 212.4937 212.6353 212.773 212.9069 213.1259 213.2452 213.3615 213.4749 213.5855 213.6935 213.7991 213.9023 214.0034 214.0251 214.1183 214.21 214.3 214.3885 214.4755 214.5613 214.6459 214.6204 214.6995 214.7778 214.8554 214.9323 215.0086 215.0846 215.1602 215.2356 215.1687 215.2406 215.3125 215.3847 215.4569 215.5294 215.6022 215.6754 215.5787 215.6497
207.1361 207.581 207.8786 208.1662 208.4444 208.7136 208.9742 209.2265 209.4708 209.7074 209.9987 210.2149 210.4243 210.6272 210.8238 211.0145 211.1993 211.3786 211.5661 211.7297 211.8884 212.0423 212.1918 212.3369 212.4779 212.6149 212.748 212.845 212.9666 213.0848 213.1999 213.312 213.4212 213.6318 213.7334 213.7603 213.8536 213.945 214.0345 214.1225 214.2087 214.2936 214.377 214.4593 214.432 214.5085 214.5842 214.6591 214.7333 214.8068 214.8798 214.9524 214.8864 214.9551 215.0238 215.0925 215.1611 215.23 215.2991 215.3684 215.4381 215.3382 215.4055 215.4734
207.4055 207.7054 207.995 208.2752 208.5461 208.8083 209.0621 209.3077 209.6163 209.8403 210.0572 210.2673 210.4709 210.668 210.859 211.0442 211.2235 211.413 211.5766 211.735 211.8887 212.0378 212.1823 212.3227 212.4591 212.5649 212.689 212.8096 212.9268 213.0407 213.1516 213.2596 213.3647 213.4672 213.4997 213.5934 213.6849 213.7745 213.8622 214.0321 214.1147 214.1959 214.1718 214.247 214.321 214.394 214.4663 214.5377 214.6084 214.6786 214.7482 214.6798 214.7455 214.811 214.8763 214.9417 215.0071 215.0728 215.1386 215.0385 215.1017 215.1655 215.2297 215.2946
207.2312 207.5333 207.8251 208.1072 208.6438 208.899 209.2259 209.4584 209.6834 209.9012 210.112 210.3162 210.5139 210.7054 210.8909 211.0933 211.2619 211.4253 211.5837 211.737 211.8857 212.0299 212.1697 212.285 212.4121 212.5354 212.655 212.7711 212.884 212.9937 213.1004 213.2041 213.2428 213.3372 213.4292 213.519 213.6067 213.6925 213.7765 213.8586 213.8431 213.9185 213.9924 214.0651 214.2072 214.2768 214.3456 214.4136 214.481 214.4141 214.477 214.5396 214.6019 214.6641 214.7261 214.7883 214.8505 214.7504 214.8098 214.8695 214.9296 214.9902 215.0513 215.113
