public/沉降量2015-2021（地形转栅格）/cjl2020.txt
ncols         346
nrows         239
xllcorner     104.24612109509
yllcorner     31.067832478695
cellsize      0.00084765149693467
NODATA_value  -9999
[rows 28 to 55 of 239, columns 128 to 191 of 346]
111.0451 110.9984 110.9033 110.8027 110.6823 110.3654 110.3041 110.2189 110.0884 109.9074 109.6802 109.4164 109.1288 108.5675 108.2972 108.0295 107.7612 107.49 107.2253 107.0043 106.7519 106.1042 105.5823 104.9902 104.3651 103.7392 103.137 102.5728 102.0557 101.7019 100.9886 100.3339 99.61743 98.87248 98.12369 97.38846 96.68092 96.01477 95.2783 94.50877 93.70481 92.89807 92.11665 90.69344 90.05228 89.44408 88.84806 87.58754 86.89439 86.26123 85.66865 85.10286 84.54756 83.97565 83.36178 81.19529 80.28687 79.12253 77.85652 76.54542 75.16646 73.71977 72.20868 70.6569
110.9645 110.8783 110.8086 110.4131 110.2796 110.1497 110.0549 109.8691 109.7341 109.5587 109.345 108.7667 108.5292 108.289 108.0516 107.8156 107.5704 107.3058 107.0171 106.8032 106.3005 105.8557 105.334 104.7579 104.1559 103.5551 102.9809 102.4588 101.945 101.4011 100.7818 100.1031 99.38924 98.6649 97.94855 97.25464 96.60071 95.87597 95.08221 94.22147 93.34266 92.4798 91.66154 90.90736 90.21961 88.99168 88.33313 87.63334 86.88629 85.40949 84.7119 84.0439 83.3974 82.72721 80.49341 79.48666 78.37368 77.09653 75.72737 74.31248 72.85867 71.37773 67.67247 66.26398
110.7696 110.3399 110.2118 110.0842 109.9556 109.831 109.7197 109.6194 109.5051 109.3649 108.8228 108.6313 108.4242 108.0025 107.802 107.6085 107.4048 107.1949 106.7696 106.4385 106.0373 105.571 105.0493 104.4908 103.9168 103.3463 102.7997 102.0611 101.6818 101.1515 100.5157 99.82474 99.11684 98.41656 97.7326 96.82136 96.12654 95.5329 94.74345 93.84284 92.9079 91.99103 91.1304 89.71719 88.99644 88.30859 87.61012 86.87171 86.08786 85.27695 84.45776 83.64507 81.5447 80.69194 79.71071 77.52563 76.26505 74.89937 73.47048 72.01302 68.29825 66.89101 65.63119 64.34735
110.1157 109.9703 109.8418 109.7216 109.6042 109.489 109.3776 109.2617 108.7653 108.6205 108.4562 108.274 108.0826 107.8915 107.7124 107.5455 107.3956 107.0025 106.7781 106.147 105.7233 105.2455 104.7299 104.1952 103.6575 102.9203 102.4686 102.0041 101.4992 100.8905 100.2071 99.49451 98.79166 97.77328 97.21079 96.64276 96.00262 95.25618 94.37115 93.40163 92.40662 91.43401 89.87386 89.04147 88.302 87.5773 86.83146 86.04435 85.20834 84.32539 82.24023 81.18917 80.19824 79.08404 77.91055 76.69649 75.40871 74.05016 72.63039 68.95069 67.59315 64.95105 63.75454 62.57623
109.6889 109.5538 109.4394 109.3355 109.2331 109.1268 109.0152 108.5247 108.3976 108.2587 108.1015 107.9281 107.7515 107.5779 107.4275 107.0126 106.988 106.7836 106.5163 106.1941 105.8078 105.3648 104.8814 103.9931 103.0793 102.6818 102.3149 101.9247 101.2965 100.5892 99.84489 99.10275 97.9337 97.33713 96.87395 96.40392 95.82042 94.92981 93.93604 92.89672 91.25673 90.22816 89.24228 88.40981 87.6165 86.82315 86.00471 85.14644 84.23975 82.06828 80.89283 79.67175 78.46999 77.20763 75.90691 74.57707 73.20943 69.60553 68.2023 66.83267 65.61396 64.3708 63.17664 62.04348
109.2102 109.0992 109.0127 108.9354 108.8523 108.3867 108.2765 108.1548 108.0372 107.9131 107.7673 107.6016 107.4442 107.0127 106.9886 106.8291 106.7024 106.4816 106.1892 105.8356 105.4247 104.9678 104.0592 103.5829 103.133 102.725 102.3623 102.0066 101.5689 100.9338 98.92545 98.13155 97.39648 96.79073 96.41947 95.96363 95.29634 94.39264 93.37492 91.66943 90.64157 89.67831 88.78086 87.84285 86.93567 86.03358 85.10982 83.01279 81.89985 80.66641 79.29169 77.89098 76.51419 75.14111 73.76682 70.18794 68.82779 67.52197 66.20435 64.94788 63.78355 62.63897 61.53123 60.46941
108.6884 108.613 108.5697 108.1309 108.1021 108.0275 107.9133 107.7844 107.6858 107.5904 107.4633 107.2995 106.9851 106.8191 106.7069 106.5422 106.3587 106.1132 105.802 105.4297 104.558 104.0961 103.6233 103.1632 102.7365 102.3594 102.0406 101.6787 101.1669 100.0205 99.23215 98.42261 97.62609 96.87163 96.20625 95.9216 94.63493 92.95743 91.97211 90.97464 89.97601 89.05126 88.15012 87.18109 86.18445 84.18806 82.99057 81.70776 80.44733 78.98837 77.4367 75.88519 74.3888 72.95747 69.38716 68.06025 66.75925 65.59072 64.37874 63.20936 62.10282 61.03482 58.59942 57.69935
108.1332 108.1012 107.6805 107.7476 107.7473 107.6847 107.5627 107.4079 107.3416 107.2933 106.9766 106.79 106.6661 106.5027 106.3459 106.1632 105.9505 105.6873 105.3656 104.5192 104.0998 103.6489 103.1915 102.7548 102.3604 102.0376 101.9003 100.8849 100.2236 99.48346 98.70296 97.92044 97.17709 96.5198 95.9923 94.90784 94.02188 93.08241 92.12466 91.18978 90.28619 89.33054 87.49065 86.4408 84.35179 83.06723 81.75779 80.33025 78.76024 77.08849 75.38426 73.71912 69.88 68.52708 67.31046 66.08622 64.89516 63.77783 62.66435 61.58057 60.543 58.1809 57.31939 56.51511
106.9951 106.9999 107.0501 107.2791 107.3832 107.3977 107.2404 107.0271 106.9994 106.6044 106.5406 106.3916 106.2408 106.0741 105.9003 105.7062 105.4816 104.7025 104.3961 104.0414 103.6436 103.213 102.778 102.3732 102.0099 101.2926 100.8505 100.278 99.60756 98.88092 98.12854 97.38425 96.69144 96.09812 94.9095 94.06947 93.12733 92.15417 91.20682 90.35887 89.67014 88.91253 87.15001 85.86877 84.53688 83.16585 81.72066 80.27374 76.83637 75.01501 73.20918 69.27484 67.67532 66.44077 65.3839 64.25671 63.15306 62.09528 61.06108 58.64369 57.76355 56.94102 56.18297 55.48341
106.4038 106.4987 106.6679 106.9392 106.9989 107.004 107.001 106.4494 106.3145 106.2001 106.1102 105.8736 105.7211 105.5569 105.3813 104.6218 104.4091 104.1674 103.887 103.5632 103.2008 102.7991 102.3951 102.0435 101.3652 100.8096 100.2281 99.59119 98.91168 98.21175 97.49658 96.79137 95.59103 94.79288 93.9648 93.05531 92.1015 91.13229 90.19775 89.3978 88.91322 87.08937 85.94689 84.60704 83.19141 81.74807 80.18933 78.47127 76.62918 72.50833 70.62503 68.85989 67.27128 65.82281 63.5591 62.52251 61.50753 59.06462 58.19194 57.35399 56.56339 55.84675 55.21944 54.62841
105.8014 105.9438 106.136 106.3506 106.4472 105.8548 105.8708 105.8391 105.7487 105.6439 105.5371 105.4191 105.2815 105.1338 104.3643 104.2096 104.0326 103.6193 103.3733 103.0867 102.7765 102.4084 101.6383 101.3055 100.7764 100.1584 99.49777 98.81151 98.12872 97.4703 96.79416 95.29515 94.60672 93.75626 92.84534 91.91571 91.00183 90.07793 89.18435 87.39668 86.61508 85.6675 84.44315 83.01973 81.50654 79.98863 78.25269 74.10541 72.14621 70.24077 68.42931 66.77633 65.37801 64.05258 62.89388 61.8688 59.39212 58.54114 57.72817 56.94989 55.51475 54.91312 54.46789 54.00835
105.1871 105.3387 105.516 105.6893 105.1159 105.1791 105.2029 105.1836 105.1194 105.0267 104.9148 104.7861 103.9917 103.8626 103.7422 103.6071 103.4393 103.2475 103.0686 102.8611 102.5991 101.9144 101.5162 100.6021 100.0273 99.37173 98.66374 97.93697 97.24791 95.75163 95.05199 94.28986 93.47759 92.56674 91.61477 90.69637 89.87482 87.92367 87.06168 86.17809 85.22198 84.09212 82.72947 81.18146 79.55244 77.86625 73.69093 71.75002 69.81819 68.01422 66.32785 64.83112 63.52604 62.32798 59.7047 58.81721 58.00157 57.24036 56.52882 55.86047 55.24477 54.64885 54.14549 53.43679
104.5793 104.7182 104.2349 104.3481 104.4384 104.4988 104.5264 104.5176 104.4703 104.3883 104.2752 103.4963 103.3347 103.2212 103.1341 103.0284 102.8665 102.6579 102.5273 101.918 101.5978 101.2891 100.8554 100.3508 99.79789 99.18011 98.50285 96.85718 96.07313 94.72767 94.00329 93.19388 92.30645 91.34377 90.36211 89.45186 87.5939 86.73877 85.8019 84.78915 83.66961 82.36436 80.83965 79.14985 75.07864 73.21242 71.32687 69.43616 67.56561 65.91505 64.37863 63.00073 61.78301 59.15214 58.26118 57.46168 56.73775 56.074 55.47856 54.93124 54.49017 53.57409 53.32119 53.06066
103.998 103.5429 103.6329 103.7176 103.7884 103.8394 103.8662 103.8646 103.8304 103.1584 103.0558 102.8896 102.6875 102.5961 102.5552 102.496 102.35 101.6434 101.4545 101.2637 100.9406 100.5558 100.0782 99.52353 98.91375 98.26775 96.674 95.94813 95.15919 94.40834 93.69544 92.93655 92.09929 91.17731 89.16723 87.34317 86.45273 85.4772 84.39533 83.21561 81.93446 80.44967 78.7403 74.54521 72.67187 70.82327 69.01521 67.27954 65.58149 64.00137 62.56399 59.66846 58.63522 57.7311 56.93795 56.23341 55.61283 55.04693 54.58768 53.52227 53.28881 53.0535 52.85934 52.67973
102.9512 103.0086 103.0673 103.1231 103.1716 103.2087 103.2307 102.6186 102.6113 102.5841 102.5146 102.3546 102.0751 102.0068 102.0015 101.9954 101.2656 101.0314 100.7911 100.5249 100.1754 99.74866 99.23369 98.63271 97.00041 96.28267 95.71815 94.97015 94.17685 93.40413 92.65688 91.89203 91.06055 89.22626 88.27948 87.29927 86.30865 85.26999 84.11986 82.83171 81.43358 75.87458 73.9565 72.05768 70.22464 68.44938 66.7532 65.20675 63.64494 60.43334 59.22459 58.1549 57.22968 56.43086 55.74709 55.13937 54.64336 54.1582 53.15203 52.88269 52.68236 52.51445 52.37863 52.26376
102.4472 102.4732 102.5007 102.529 102.5807 102.6006 102.0005 102.0012 102.0028 102.0044 101.9954 101.9233 101.6522 101.5022 100.792 100.6766 100.5205 100.294 100.0301 99.72369 99.35102 98.90128 98.36267 96.8271 96.063 95.32425 94.64992 93.89962 93.11732 92.34438 91.59998 89.85301 89.13795 88.40217 87.36529 86.27948 85.16908 83.97992 82.64034 79.22673 77.31641 75.35323 73.36531 71.40411 69.534 67.80534 66.15277 63.16359 59.97808 58.79161 57.70524 56.74923 55.94402 55.25471 54.70134 54.1753 53.02274 52.69929 52.44659 52.24294 52.09704 51.99467 51.92739 51.88749
101.9986 101.9991 101.9996 102 101.4363 101.4124 101.3909 101.3741 101.3637 101.3602 101.3409 101.2626 101.0736 100.2145 100.0674 99.90945 99.71874 99.48312 99.20483 98.87707 98.49142 97.13878 96.62545 95.9389 95.1322 94.33133 93.5654 92.79053 92.01344 90.12309 89.36678 88.7802 88.04478 87.20876 86.16161 85.02033 83.82449 82.51261 79.14394 77.12637 75.00153 72.87556 70.81783 68.85778 67.05023 65.47936 61.91475 60.64738 59.45877 58.33578 57.28341 56.31067 54.7926 54.1984 53.81159 52.52632 52.22112 51.96207 51.76502 51.62687 51.54711 51.51635 51.52466 51.30753
101.5181 101.5007 101.4817 100.8948 100.8486 100.8004 100.7549 100.7158 100.6855 100.6629 100.6397 99.79648 99.69965 99.57405 99.43356 99.27682 98.87584 98.63069 98.34269 97.09721 96.70505 96.19471 95.71216 94.96063 94.11694 93.27213 92.45393 91.66193 89.81352 89.05294 88.3009 87.59068 86.76961 85.81393 84.69446 83.47686 80.28111 78.68026 76.8521 74.75467 72.54561 70.35466 68.31822 66.42938 64.75208 61.24825 60.01749 58.89096 57.83695 56.84866 55.93368 55.06451 54.29635 52.82259 52.37823 52.01519 51.70162 51.44731 51.11935 51.05221 51.04673 50.73889 50.91515 51.12649
101.004 100.4084 100.3568 100.2967 100.2284 100.1555 100.0841 100.019 99.96301 99.13014 99.0527 98.95703 98.84254 98.72478 98.60042 98.44725 98.24548 98.00387 96.88445 96.61132 96.18738 95.82194 94.63026 93.85193 93.00189 92.14845 90.16484 89.36909 88.74604 87.97318 87.15442 86.30112 85.34431 84.24464 82.99305 79.61671 78.06636 76.33552 74.40457 72.28386 70.07987 67.89568 65.96392 62.15215 60.67035 59.3933 58.29354 57.3077 56.37985 55.51437 54.75567 53.0107 52.39309 51.90147 51.49637 51.17025 50.90923 50.71311 50.58326 50.52313 50.07792 50.23729 50.45637 50.72343
99.87982 99.81499 99.7463 99.66675 99.57619 99.47896 99.38132 99.28853 98.42525 98.32947 98.23021 98.10257 97.95547 97.84108 97.74229 97.60789 96.56573 96.20452 96.01434 95.79705 95.33136 94.83263 94.20526 93.48732 92.67384 90.62421 89.86597 89.07524 87.6021 86.77972 85.86421 84.86644 83.76274 80.58176 79.01351 77.38625 75.70079 73.89268 71.93509 69.85202 67.76267 63.65267 61.87209 60.27444 58.87885 57.69918 56.7412 55.9054 55.08613 54.30213 52.62869 52.01295 51.46024 51.0064 50.64404 50.36481 50.16039 50.02875 49.42047 49.51863 49.69395 49.94044 50.24932 50.61007
99.28427 99.20123 99.11417 99.01424 98.90117 98.78032 97.93388 97.78631 97.64085 97.5344 97.4274 97.26474 97.0533 96.9387 95.99603 95.94678 95.78674 95.40768 95.10727 94.79301 94.32893 93.76999 93.09502 91.15638 90.27165 89.41869 88.76387 88.00059 87.21326 86.38979 85.45549 82.72853 81.37496 78.37476 76.68694 74.97388 73.23599 71.42767 69.51758 67.50729 63.49458 61.69572 60.03807 58.55245 57.24847 56.15028 55.3512 54.68615 52.89704 52.20736 51.59117 51.02609 50.53343 50.13231 49.82338 49.60162 49.46184 48.83575 48.93721 49.12041 49.38242 49.71701 50.11626 50.57174
98.68523 98.5834 98.47691 98.35548 97.55113 97.38279 97.23328 97.06233 96.86452 96.76176 96.6747 96.49174 96.16607 95.19693 95.05051 94.9232 94.72527 94.4015 94.06866 93.70422 93.23752 91.537 90.85884 90.04371 89.1498 88.33115 87.60687 86.82876 85.98471 85.04636 82.2673 80.82149 79.24547 77.62199 75.90672 74.15738 72.42198 70.71169 66.54898 63.20882 61.46974 59.82198 58.32661 56.99417 55.81161 54.76234 54.10923 52.43784 51.78679 51.14827 50.56776 50.05511 49.62354 49.28387 49.03863 48.21626 48.23011 48.33269 48.52126 48.79243 49.14203 49.56426 50.05254 50.69072
98.23286 98.10094 97.98137 97.10313 96.92052 96.716 96.58379 96.40923 96.11562 96.01524 95.96313 94.90324 94.5608 94.25696 94.01479 93.79859 93.55585 93.25226 92.91897 92.55157 90.94793 90.40462 89.77064 88.9615 88.06322 87.1972 86.37495 85.52208 82.96692 81.75735 80.30915 78.62187 76.84998 75.06555 73.27547 71.50443 67.16703 65.67374 64.174 62.65888 61.06858 59.4887 58.01683 56.72253 55.59793 52.67903 51.93937 51.29218 50.67028 50.08389 49.55689 49.10433 48.73872 47.68932 47.59399 47.59843 47.69913 47.89166 48.17128 48.5327 48.97026 49.47862 50.11536 50.83611
97.6955 97.04551 96.90167 96.74995 96.55013 96.36176 96.08386 95.99056 95.86948 95.29613 94.22421 93.93382 93.58061 93.2309 92.91122 92.62047 92.34033 92.03635 90.48064 90.18123 89.81023 89.2516 88.65801 87.80321 86.8614 85.91608 83.37408 82.28986 81.0718 79.69318 77.99432 76.13344 74.23807 72.37754 70.57626 66.25762 64.72263 63.30698 61.90842 60.48612 59.02263 57.58392 56.27465 53.73188 52.9112 52.19702 51.4656 50.77435 50.14507 49.56299 49.03216 48.181 47.07056 46.95158 46.93889 47.03117 47.22403 47.51122 47.88552 48.33927 48.82768 49.50445 50.24163 51.04134
96.74904 96.60129 96.4455 96.30415 96.05329 95.91734 95.58794 95.34895 94.29944 93.94922 93.61115 93.28497 92.94229 92.56427 92.17246 91.43367 90.00407 89.71326 89.3095 89.04949 88.72743 88.11844 87.39395 86.48903 85.48618 82.77488 81.5405 80.31179 78.87141 77.2518 75.40363 73.44209 71.50136 66.97109 65.37606 63.8431 62.42575 61.10741 59.8141 58.49294 57.13654 55.80713 53.19067 52.34121 51.58295 50.89511 50.22765 49.59425 49.0105 48.48008 47.03059 46.69531 46.44674 46.29744 46.25724 46.33018 46.5145 47.1908 47.66363 48.1545 48.86136 49.62217 50.43731 51.31168
96.35201 96.23167 96.03058 95.93486 95.61823 95.32736 94.25441 93.8495 93.45955 93.07718 92.70938 92.34872 91.97449 91.57411 91.15002 89.74121 89.2498 89.01709 88.80138 88.38787 87.54889 86.87892 86.04156 83.50101 82.30011 80.97565 79.56685 78.09959 76.47198 74.67703 72.71675 70.69077 66.19919 64.51227 62.9917 61.57909 60.28467 59.09167 57.92628 56.71938 54.01432 52.88895 51.89748 51.05753 50.31922 49.65194 49.02789 48.44635 46.8836 46.46389 46.11166 45.83679 45.65189 45.57175 45.60936 45.76982 46.05008 46.14032 46.73986 47.42297 48.17203 48.97335 49.81946 51.6591
96.0288 95.96294 95.64806 95.39557 95.04508 93.97384 93.51507 93.06171 92.62801 92.21748 91.8307 91.45602 91.06917 89.85246 89.48199 88.99451 88.50758 88.16646 87.8503 87.42526 86.94375 86.35364 84.23672 83.15392 81.8717 80.54908 77.45032 75.78658 74.01412 72.11838 67.70557 65.73479 63.91767 62.2834 60.82258 59.50082 58.31512 57.26653 54.77924 53.8025 52.70927 51.64634 50.69135 49.8623 49.13624 48.48828 47.8994 46.36812 45.93648 45.56767 45.26781 45.04708 44.91814 44.9002 45.01305 44.81689 45.3003 45.90868 46.62128 47.41625 48.27231 49.17242 50.10624 51.07294
95.97111 95.62887 95.15802 94.26837 93.78672 93.29123 92.7915 92.30299 91.83842 91.4063 91.01051 90.64061 89.5469 89.12349 88.83649 88.31712 87.7919 87.34169 86.90981 86.41498 84.65131 83.82241 82.82249 81.65212 80.256 78.67101 76.97647 75.22241 71.0441 69.18354 67.34502 65.46375 61.82292 60.25976 58.87188 57.62619 56.51834 54.14753 53.43955 52.48584 51.45567 50.45457 49.54264 48.73878 48.03456 46.43137 45.92046 45.47459 45.09048 44.76934 44.51582 44.34259 44.25964 44.2926 44.01424 44.447 45.03615 45.75683 46.58438 47.49409 48.46178 49.46674 50.98805 52.1139
