public/沉降量2015-2021（地形转栅格）/cjl2018.txt
ncols         346
nrows         239
xllcorner     104.24612109509
yllcorner     31.067832478695
cellsize      0.00084765149693467
NODATA_value  -9999
[rows 112 to 139 of 239, columns 64 to 127 of 346]
122.2676 119.4507 116.8737 114.5563 112.4719 110.6009 108.9358 107.4819 106.2556 104.4059 103.9512 103.3147 102.7044 102.1493 101.654 101.2186 100.8402 100.5145 100.1701 99.94629 99.75621 99.59151 99.44311 99.30151 99.15753 98.99995 98.79916 98.56694 98.30775 98.02579 97.72678 97.41757 97.10493 96.79295 96.42793 96.11213 95.78209 95.43011 95.05368 94.6575 94.25285 93.85645 93.49088 93.0071 92.81276 92.51721 92.15051 91.737 91.27776 90.75712 89.42822 88.75884 87.83209 86.76826 85.54027 83.56245 81.21671 78.63945 75.91578 73.39561 70.50662 67.69875 65.07512 62.74287
122.3762 119.5621 117.0305 114.7429 112.6655 110.7764 109.0686 107.5501 106.1998 105.0084 104.0712 103.5813 103.0454 102.4996 101.9849 101.1055 100.6488 100.3543 100.104 99.89393 99.71774 99.567 99.43168 99.30041 99.16379 98.99992 98.78856 98.5446 98.27493 97.98439 97.6789 97.36542 97.0507 96.6917 96.38103 96.06547 95.73517 95.38181 95.00218 94.60024 94.18549 93.73029 93.34035 92.99901 92.72836 92.42973 92.08444 91.69682 91.26529 90.81264 90.28584 89.67038 88.94815 88.10184 87.10359 85.8444 81.62476 79.04108 76.6691 73.71713 70.72314 67.80682 65.09595 62.72035
122.4771 119.7087 117.2148 114.9467 112.8662 110.9502 109.325 107.6756 106.2118 104.9698 104.0025 103.3713 102.8197 102.2997 101.6805 101.2617 100.8905 100.5649 100.2837 100.0453 99.68291 99.54448 99.42068 99.29624 99.16544 98.99988 98.77821 98.52565 98.24833 97.95099 97.63989 97.28709 96.96629 96.65123 96.33965 96.02371 95.69315 95.33929 94.95901 94.5247 94.11621 93.71475 93.33774 92.99975 92.69263 92.38049 92.04352 91.67587 91.30057 90.86678 90.36539 89.77851 89.08516 88.25633 87.24433 85.95201 84.46632 82.42828 79.94534 77.12185 74.08418 67.93318 65.12233 62.69558
122.6484 119.9147 117.4422 115.1776 113.315 111.324 109.4694 107.7711 106.2649 104.9936 104 103.2866 102.6809 102.0593 101.5919 101.1826 100.8218 100.5052 100.2318 100.0009 99.81042 99.63695 99.51304 99.40388 99.29399 99.16614 98.76743 98.51056 98.22804 97.91225 97.58797 97.25948 96.93428 96.61623 96.30283 95.98605 95.65544 95.30239 94.89398 94.49957 94.09805 93.70566 93.33719 92.99985 92.68069 92.36336 92.05592 91.72528 91.36368 90.94621 90.45787 89.88295 89.19754 88.36339 87.32658 86.2472 84.91005 82.97271 80.50645 77.633 74.49358 71.25017 68.07599 65.19138
122.9311 120.2059 117.7267 115.7385 113.5626 111.5226 109.6194 107.8754 106.3302 105.028 104.0062 103.2133 102.5638 102.0229 101.5592 101.1529 100.794 100.4785 100.2059 99.97446 99.78314 99.63066 99.50751 99.40016 99.29216 99.16546 98.99989 98.77402 98.51622 98.22224 97.90485 97.57357 96.90797 96.5858 96.26957 95.95137 95.58791 95.23801 94.86571 94.47562 94.07956 93.69366 93.33189 92.99986 92.68484 92.41188 92.10893 91.80329 91.4664 91.05783 90.57464 90.00748 89.33508 88.77215 87.87505 86.81575 85.58064 83.6192 81.12421 78.18218 74.92979 71.84407 68.38571 65.22935
123.3626 121.0726 118.4563 116.0507 113.8138 111.72 109.7678 107.9786 106.3923 105.0755 103.995 103.208 102.5835 102.0545 101.5911 101.1794 100.8128 100.4893 100.2428 99.99564 99.79532 99.6368 99.51007 99.40091 99.29198 99.16484 98.99993 98.78098 98.51884 98.22231 97.90033 97.56328 97.22214 96.88588 96.55881 96.2101 95.88725 95.20706 94.83709 94.44993 94.05707 93.6752 93.31996 92.99996 92.74415 92.49387 92.23859 91.95155 91.61115 91.20103 90.71912 90.34052 89.73877 89.05351 88.24191 87.24568 85.96662 84.16071 81.71906 78.7299 75.78227 72.12339 68.5313 65.26309
127.9506 124.5892 118.8381 116.3531 114.0546 111.9102 109.9134 108.082 106.5363 105.1162 104.006 103.2851 102.6958 102.1694 101.6931 101.2633 100.9822 100.6168 100.3011 100.0368 99.82303 99.65446 99.52058 99.40652 99.29427 99.16673 98.99994 98.78192 98.52001 98.22202 97.8968 97.5552 97.20862 96.84933 96.51161 96.18294 95.85715 95.52467 95.17641 94.80795 94.42235 94.00486 93.62647 92.99978 92.80346 92.61372 92.39307 92.11931 91.7773 91.36234 91.04038 90.51703 89.95512 89.3316 88.58852 87.62875 86.33013 84.72659 82.90558 79.73264 76.13751 72.35866 68.6516 65.28582
128.5618 125.0856 121.9655 119.1657 116.6218 114.2763 112.2798 110.2355 106.685 105.2466 104.112 103.5107 102.9241 102.3676 101.8574 101.5571 101.1106 100.7164 100.3765 100.0921 99.86217 99.68102 99.53766 99.42982 99.30634 99.16935 98.99995 98.7816 98.51955 98.22043 97.89288 97.53972 97.18484 96.83313 96.4906 96.15759 95.82877 95.495 95.14696 94.7796 94.3719 93.98505 93.61184 93.27455 93.00208 92.88292 92.73958 92.54608 92.4205 91.65511 91.178 90.67353 90.15365 89.59805 88.94826 88.11077 86.97899 85.80117 83.26337 80.04825 76.38515 72.52414 68.73293 65.29191
128.9581 125.4195 122.2631 119.4306 116.8556 114.6926 112.482 110.4393 108.5776 106.9297 105.5501 104.5229 103.9225 102.8128 102.2492 101.7225 101.2449 100.8225 100.4583 100.1537 99.9072 99.74551 99.58186 99.44463 99.31474 99.17276 98.99995 98.78018 98.51729 98.21703 97.88061 97.53062 97.173 96.81777 96.47125 96.13451 95.80286 95.46777 95.09602 94.7317 94.35358 93.97472 93.61786 93.31337 93.09716 92.99928 92.85716 92.74974 92.50884 92.16927 91.74707 91.2758 90.79094 90.30999 89.24202 88.70494 87.61523 85.9376 83.41737 80.20566 76.51819 72.61328 68.7709 65.25868
129.2506 125.6733 122.5093 119.9331 117.3265 114.9276 112.7131 110.6772 108.8313 107.2027 105.8319 104.967 104.0779 103.5922 103.0255 102.4358 101.8758 101.3681 100.9204 100.2132 99.99088 99.77505 99.60332 99.45918 99.32343 99.17654 98.99995 98.7778 98.50775 98.2043 97.87183 97.52039 97.16095 96.80332 96.45393 96.11424 95.78018 95.42345 95.07532 94.71202 94.33693 93.96439 93.61891 93.33073 93.12502 93.0002 92.91595 92.77698 92.54342 92.20647 91.78671 91.32332 90.85696 90.44551 90.02072 89.5172 88.79921 87.68615 85.96656 83.45511 76.56261 72.63927 68.75245 65.23722
129.5659 126.397 123.1844 120.2806 117.6336 115.2089 112.9843 110.9512 109.1151 107.4931 106.4301 105.3044 104.4677 103.9451 103.2539 102.5939 101.9947 101.4621 101.0399 100.6355 100.2961 100.0191 99.79799 99.621 99.47188 99.1803 98.99995 98.77106 98.50111 98.19556 97.86177 97.50949 97.14918 96.79028 96.43912 96.08437 95.74653 95.40702 95.05772 94.69398 94.31943 93.94839 93.60558 93.2867 93.08385 92.99969 92.90335 92.75852 92.52372 92.18805 91.7728 91.31944 90.84039 90.43484 90.02798 89.53635 88.81887 87.69292 85.95679 83.44306 80.22336 76.53516 72.60699 68.73423
130.7602 127.0647 123.738 120.732 118.0135 115.5466 113.3019 111.2639 109.772 108.145 106.7467 105.5945 104.6948 104.0028 103.3138 102.6546 102.0494 101.5147 101.0493 100.6486 100.3112 100.0344 99.81215 99.63313 99.4814 99.3425 99.18629 98.99994 98.76717 98.49384 97.85144 97.49899 97.13873 96.77252 96.42043 96.07616 95.73657 95.39497 95.04361 94.67818 94.30196 93.9281 93.5536 93.23995 93.00121 92.92097 92.83485 92.68945 92.45316 92.12009 91.62088 91.19655 90.78211 90.39233 89.99776 89.51328 88.79816 87.67221 85.93719 83.40312 80.21614 76.5392 72.61889 68.75113
131.7723 127.9328 124.4016 121.2569 118.4541 115.9381 113.6666 112.0004 110.133 108.4749 107.0337 105.8178 104.8211 104.0052 103.3015 102.6098 102.0052 101.4838 101.03 100.6388 100.3084 100.0364 99.81684 99.63826 99.48829 99.34457 99.18803 98.99992 98.76324 98.48659 98.17717 97.84224 97.48546 97.12774 96.77032 96.41844 95.73186 95.38782 95.0341 94.66668 94.28316 93.90651 93.54999 93.23754 93.00002 92.87053 92.75465 92.59122 92.34734 91.89761 91.51611 91.11067 90.71352 90.33594 89.94806 89.4669 88.75568 87.59639 85.90192 83.4099 80.25359 76.60915 72.71255 68.85533
137.2397 128.6547 125.0119 121.79 118.9325 116.8722 114.5381 112.4243 110.5139 108.8035 107.2973 106.001 104.9092 104.004 103.212 102.5345 101.9433 101.4326 100.9908 100.6113 100.2909 100.0267 99.80139 99.63202 99.48549 99.34406 99.18871 98.99991 98.75912 98.47983 98.16557 97.83376 97.48605 97.1306 96.7743 96.42245 96.07623 95.73267 95.38592 95.03056 94.66154 94.28542 93.56031 93.24898 93.00018 92.82819 92.67142 92.36823 92.10005 91.78032 91.41748 91.03372 90.65216 90.28152 89.89339 89.3504 88.63646 87.54658 85.89085 83.45216 80.36397 76.78844 72.94679 69.12035
138.2652 133.5561 129.295 126.2738 122.9928 120.0689 117.4391 112.889 110.9168 109.1355 107.5491 106.1654 105.0552 104.0033 103.1585 102.4609 101.8719 101.3699 100.9397 100.5723 100.2304 99.98488 99.78539 99.62151 99.47903 99.34084 99.188 98.99986 98.7544 98.47205 98.16701 97.83844 97.49371 97.14102 96.78511 96.43268 96.08484 95.74872 95.39536 95.03452 94.66538 94.29191 93.9238 93.57561 93.26326 93.00001 92.75839 92.26895 91.99055 91.68182 91.34245 90.98449 90.61429 90.24316 89.81863 89.30287 88.57618 87.49562 85.88896 83.54594 80.57431 77.11226 73.97054 70.33805
139.3531 134.4725 130.9876 127.1645 123.7957 120.7923 118.0898 115.6362 113.3939 111.3414 109.8149 108.0374 105.1197 104.0031 103.113 102.3942 101.8019 101.3055 100.885 100.4882 100.1988 99.96112 99.76785 99.6086 99.46967 99.33471 99.18528 98.99986 98.76216 98.48946 98.18678 97.85912 97.51382 97.15926 96.80252 96.4695 96.11554 95.7614 95.40351 95.03947 94.66965 94.29846 93.93442 93.58958 93.28331 93 92.74184 92.49062 92.23267 91.95647 91.6564 91.33035 91.0217 90.26408 89.82803 89.28833 88.54379 87.46604 85.91232 83.71931 81.40854 78.21269 74.66204 71.05226
141.9628 136.9252 132.2899 128.2853 124.7474 121.6201 118.8154 116.2674 113.9314 112.2305 110.1543 108.2714 106.6052 105.1777 104.0031 103.0766 102.3396 101.7026 100.8001 100.4583 100.1747 99.94206 99.75255 99.59581 99.45872 99.31572 99.17242 98.9999 98.77544 98.51146 98.21359 97.88754 97.54156 97.18507 96.85468 96.4937 96.13459 95.7747 95.41122 95.043 94.6715 94.30145 93.93927 93.59924 93.28514 92.99994 92.73669 92.48399 92.22902 91.9602 91.72542 91.4332 91.11479 90.74892 90.34601 89.89322 89.33813 88.58533 87.51421 84.59302 82.1143 78.97385 75.40709 71.71234
143.4362 138.3516 133.6099 129.3855 125.744 122.5074 119.59 117.6094 115.0476 112.6751 110.4855 108.4943 106.7315 105.2274 104.0033 103.0516 102.2984 101.6923 101.197 100.7872 100.4464 100.1643 99.93272 99.74347 99.44123 99.30623 99.16438 98.99991 98.7899 98.53806 98.24715 97.92337 97.61694 97.25371 96.88609 96.5192 96.15348 95.78653 95.41634 95.04282 94.65923 94.28809 93.92995 93.5921 93.28088 92.99995 92.74359 92.49995 92.25743 92.08733 91.83082 91.57645 91.26372 90.89461 90.48415 90.02832 89.48333 89.09267 88.22685 87.03984 85.46001 83.02161 79.85772 76.20419
144.9598 139.8242 134.9695 130.5628 126.8197 124.3976 121.1888 118.2777 115.5974 113.1094 110.8061 108.7062 106.8467 105.2688 104.0108 103.087 102.332 101.7201 101.219 100.804 100.4588 100.1728 99.95984 99.75862 99.58952 99.44063 99.3 99.15672 98.99992 98.57179 98.33752 98.01334 97.66014 97.29156 96.91771 96.54369 96.1701 95.79495 95.41701 95.02562 94.64317 94.2703 93.91274 93.57732 93.27101 93.00002 92.76297 92.6076 92.4445 92.26412 92.04478 91.78378 91.46104 91.08331 90.67066 90.22893 90.0202 89.48577 88.76147 87.72206 86.19996 83.95302 80.78625 77.03818
146.5157 141.3385 136.4073 131.9066 128.9535 125.2521 121.9391 118.9219 116.1328 113.5345 111.1212 108.9146 107.0844 105.3512 104.0212 103.1733 102.407 101.7904 101.281 100.8554 100.5697 100.2579 100.0004 99.78769 99.60861 99.45071 99.30185 99.15257 98.99978 98.89081 98.67834 98.39266 98.06117 97.70171 97.32721 96.56508 96.18279 95.79697 95.40163 95.00787 94.6208 94.24602 93.88902 93.55647 93.25669 93.00006 92.82698 92.69627 92.58348 92.44897 92.26147 92.00481 91.67505 91.29091 91.08956 90.69865 90.30815 89.86064 89.25618 88.3569 86.98965 84.91552 82.3356 78.56815
148.0851 142.8496 139.1793 134.3015 129.8726 126.082 122.6796 119.5608 116.666 113.9626 111.4457 109.4038 107.2625 105.4412 104.0395 103.2069 102.5112 101.907 101.3868 101.0663 100.6659 100.3322 100.0571 99.83092 99.64168 99.47619 99.32097 99.22944 99.10414 98.99826 98.74815 98.44167 98.10049 97.73583 97.35695 96.97096 96.5938 96.19363 95.79025 95.38583 94.98484 94.21683 93.86086 93.53204 93.22362 93.00011 92.85786 92.77119 92.70448 92.61172 92.453 92.2067 92.0453 91.66294 91.27027 90.89986 90.54752 90.15798 89.62713 88.80724 87.51028 85.7494 82.73919 79.10727
154.926 151.253 145.8789 140.5875 135.5453 130.923 123.4717 120.224 117.2155 114.891 112.2048 109.7436 107.5449 105.6664 104.2022 103.4264 102.7251 102.3264 101.7249 101.2118 100.7788 100.419 100.1243 99.88414 99.68646 99.51831 99.41766 99.28407 99.15309 99.00023 98.75938 98.45879 98.1209 97.758 97.39391 97.00378 96.60206 96.19301 95.77977 95.36618 94.95805 94.56213 94.15056 93.79884 93.48071 93.20798 92.88219 92.82784 92.79664 92.73735 92.60357 92.48903 92.17293 91.79716 91.41165 91.05266 90.71767 90.35231 89.84788 89.13239 87.83994 85.85413 82.98563 79.51447
158.1358 152.8504 147.431 142.0594 136.919 132.2002 128.0741 125.1169 121.6019 118.3806 115.4055 110.1643 107.9535 106.1 104.7089 103.8735 103.2269 102.5361 101.9108 101.3617 100.8946 100.5075 100.1927 99.93923 99.77556 99.60324 99.45606 99.3198 99.17692 98.99992 98.75179 98.45685 98.12952 97.7802 97.40674 97.01651 96.6084 96.19048 95.76744 95.34465 94.92931 94.49592 94.11615 93.76709 93.45575 93.19379 93.00007 92.89868 92.86462 92.88562 92.86363 92.76556 92.25879 91.89223 91.51224 91.15526 90.81959 90.45084 89.94289 89.11679 87.82584 85.88943 83.15746 79.8528
159.7063 154.4409 148.9911 143.5448 138.288 133.3984 129.9215 125.9251 122.3124 118.9988 115.9507 113.1576 110.6305 108.402 106.9397 105.3689 104.1563 102.7679 102.0981 101.5031 100.9993 100.5855 100.2944 100.0205 99.80401 99.62907 99.47982 99.33944 99.18815 98.99976 98.73819 98.46386 98.14616 97.79815 97.42368 97.02802 96.61408 96.18796 95.75546 95.30543 94.8746 94.46394 94.08168 93.73454 93.43024 93.18019 93.00005 92.90833 92.88435 92.88631 92.8692 92.78235 92.59435 92.30684 91.95232 91.57733 91.2457 90.45648 89.89205 89.04866 87.77174 85.90267 83.30592 80.17134
161.2491 156.0163 150.5442 145.0231 140.9982 135.7583 130.9467 126.8321 123.0767 119.6445 116.5152 113.6725 111.6035 109.3319 107.393 105.8189 104.6469 103.8978 103.0327 102.2649 101.6143 101.1131 100.3142 100.0359 99.81671 99.64009 99.48912 99.34589 99.19046 98.99992 98.76048 98.481 98.16643 97.81931 97.44316 97.0427 96.62251 96.18829 95.74308 95.2926 94.85282 94.43459 94.04738 93.69966 93.40128 93.16457 93.00011 92.9088 92.86804 92.85933 92.84019 92.76158 92.58989 92.3217 91.98792 91.62837 91.25365 90.86152 90.40944 89.81323 88.95569 87.70193 85.91171 80.82306
162.7592 157.5668 153.591 147.9578 142.3746 137.0376 132.1387 127.8309 123.858 120.2846 117.0735 114.679 112.0735 109.7781 107.8091 106.1926 104.9402 103.9989 103.1199 102.3308 101.6624 101.1123 100.6677 100.3136 100.0346 99.81479 99.63774 99.48638 99.18121 98.99993 98.7703 98.4986 98.18869 97.84324 97.46587 97.06146 96.65359 96.20522 95.74667 95.28711 94.83763 94.4097 94.01389 93.66081 93.31335 93.09601 92.9994 92.8886 92.82703 92.80209 92.77727 92.70573 92.55193 92.2631 91.96872 91.62321 91.24608 90.83431 90.35078 89.72349 88.8532 87.55109 85.93208 83.78111
164.1986 160.5274 155.0517 149.3728 143.699 138.2338 133.1665 128.6205 124.5137 121.3742 118.0924 115.1532 112.5203 110.1858 108.1611 106.4638 105.0947 104.0112 103.1102 102.2963 101.6334 101.0915 100.6522 100.3005 100.0222 99.80244 99.60824 99.45856 99.3195 99.17306 98.99995 98.78015 98.51691 98.21257 97.52064 97.11159 96.67716 96.22371 95.75847 95.29066 94.83134 94.39216 93.98412 93.58372 93.25459 93.00147 92.90752 92.8154 92.7507 92.7121 92.68145 92.5012 92.38522 92.19269 91.92587 91.59981 91.22711 90.80234 90.29269 89.63729 88.67891 87.49489 85.95728 83.99521
166.9103 161.9091 156.4471 150.7259 144.95 139.3235 134.0386 129.2538 125.614 121.9009 118.5988 115.6313 112.9575 110.5655 108.4637 106.6691 105.2603 104.0005 103.0413 102.2532 101.6061 101.0734 100.6378 100.2863 99.99605 99.77026 99.59032 99.44045 99.3041 99.16371 98.99993 98.79073 98.5366 98.26608 97.92851 97.55164 97.14194 96.70564 96.24896 95.3043 94.83618 94.39484 93.96545 93.57772 93.24757 92.99994 92.86452 92.7438 92.6613 92.59821 92.42552 92.36919 92.26746 92.09918 91.86082 91.55981 91.20079 90.77417 90.23631 89.55673 88.66409 87.50163 86.03748 84.30617
