public/沉降量2015-2021（地形转栅格）/cjl2015.txt
ncols         346
nrows         239
xllcorner     104.24612109509
yllcorner     31.067832478687
cellsize      0.0008476514969488
NODATA_value  -9999
[rows 140 to 167 of 239, columns 128 to 191 of 346]
17.70784 17.4802 17.22225 17.00801 16.87786 16.69583 16.48402 16.25354 16.00055 15.70237 15.42237 15.18536 15.00486 14.99609 14.88047 14.79407 14.70524 14.55372 14.68772 14.73382 14.81717 14.9859 15.64082 15.82691 15.98712 16.01737 16.45959 16.62251 16.79854 16.99708 17.20352 17.42502 17.60855 17.74854 17.93847 17.99975 18.03894 18.05848 18.12364 18.21159 18.30339 18.39836 18.48812 18.64032 18.7094 18.76775 18.85246 18.98791 19.02599 19.37888 19.98412 21.51567 22.58839 23.75315 24.95457 26.13213 27.22137 28.15867 28.88404 29.31542 29.68723 29.8419 29.9449 29.9432
17.80509 17.57539 17.33826 17.13306 16.99207 16.78512 16.55353 16.28727 15.99878 15.73466 15.49143 15.27994 15.12778 15.07562 15.00266 15.0005 15.1208 15.00508 14.9916 14.99524 14.99775 15.05654 15.47782 15.93579 16.17786 16.37962 16.56316 16.84598 16.99023 17.17208 17.39755 17.61587 17.76995 17.99856 18.00123 18.04535 18.08156 18.11317 18.16892 18.24712 18.33942 18.484 18.6003 18.71082 18.79248 18.83368 18.89233 19.01745 19.31744 19.8458 21.26243 22.26626 23.37323 24.53553 25.69861 26.79932 27.76957 28.54415 29.2558 29.51458 29.69083 29.7948 29.84381 29.85934
17.88133 17.68456 17.45555 17.22627 17.01006 16.84912 16.77219 16.41866 16.03111 15.81339 15.59554 15.40343 15.26663 15.19845 15.30389 15.29448 15.26298 15.21549 15.21442 15.22984 15.26639 15.37406 15.65801 16.01914 16.30524 16.57447 16.80596 16.9879 17.00118 17.02011 17.28632 17.75519 17.99133 18.05651 18.07473 18.10357 18.13299 18.16563 18.2151 18.28577 18.41022 18.52135 18.65152 18.78659 18.89446 18.92395 18.9945 19.24042 20.20714 21.03839 21.99987 23.05962 24.17961 25.3164 26.41964 27.42522 28.63573 29.03436 29.32787 29.52247 29.64639 29.71752 29.75348 29.77549
17.99561 17.80297 17.58762 17.37215 17.34228 17.17122 16.9699 16.60726 16.23431 15.98077 15.73352 15.53835 15.40644 15.47642 15.45243 15.44556 15.43032 15.41149 15.41982 15.46016 15.54725 15.97677 16.01267 16.22401 16.50967 16.78044 17.00037 17.15849 17.21964 17.27749 17.66218 17.8479 18.00027 18.06957 18.11303 18.13897 18.16352 18.18801 18.3029 18.35704 18.43646 18.54521 18.68314 18.84313 18.99659 18.99936 19.44726 20.03294 20.82425 21.75842 22.7907 23.88043 24.98698 26.07115 27.09277 28.4916 28.97322 29.19989 29.365 29.48736 29.5726 29.62751 29.6645 29.64291
18.09683 18.00015 17.86815 17.65291 17.48141 17.27967 17.02083 16.75103 16.37947 16.02767 15.83471 15.777 15.66727 15.62254 15.61109 15.61253 15.60468 15.59631 15.60717 15.65645 15.86221 16.0119 16.21821 16.48071 16.75552 16.9973 17.18313 17.3217 17.57412 17.67615 17.79855 17.9154 18.00123 18.0911 18.15607 18.1939 18.27845 18.29975 18.31948 18.34626 18.38926 18.45666 18.55451 18.68382 18.99775 19.39597 19.91343 20.63633 21.52941 22.5403 23.61787 24.71223 25.77534 27.3828 28.10821 28.85835 29.11177 29.232 29.33068 29.41842 29.49146 29.54906 29.59283 29.65797
18.10183 18.05777 17.99862 17.89414 17.77615 17.62501 17.43659 17.20493 16.9617 16.21884 16.00309 15.84781 15.79793 15.7867 15.78927 15.79706 15.79299 15.78414 16.00002 15.99958 16.01985 16.22159 16.48592 16.75632 16.99445 17.18376 17.46918 17.59661 17.70481 17.80893 17.91525 17.99982 18.06575 18.13918 18.20261 18.30289 18.33802 18.35915 18.37527 18.39451 18.42646 18.48128 18.56883 18.75269 18.98037 19.26974 19.77105 20.45056 21.29895 22.28268 24.46007 25.54094 27.27857 27.94412 28.23113 28.89893 29.03031 29.14912 29.25653 29.35365 29.56676 29.67198 29.75639 29.8594
18.15929 18.08803 18.00028 17.94779 17.88708 17.76617 17.59935 17.35061 17.24852 16.948 16.56191 16.10304 16.00409 15.99836 15.99934 16.00101 16.24518 16.26176 16.28592 16.31915 16.3713 16.53662 16.77383 16.9845 17.15088 17.41464 17.57523 17.70152 17.80364 17.90012 17.99866 18.06246 18.12476 18.23927 18.3044 18.3582 18.39998 18.42379 18.43852 18.45292 18.47668 18.52176 18.66082 18.81448 19.0489 19.539 20.20835 21.03287 21.99205 23.05276 24.95984 26.08291 27.12854 28.03278 28.71008 28.99919 29.10062 29.21041 29.44086 29.57982 29.72391 29.84736 29.90921 29.99662
18.19522 18.10125 18.00201 18.00021 17.99847 17.90289 17.99218 17.78455 17.43297 17.06222 16.92751 16.58657 16.39583 16.30536 16.26406 16.50841 16.49523 16.50577 16.53952 16.59396 16.72069 16.81847 16.98738 17.2005 17.3688 17.54594 17.6909 17.79971 17.87637 17.94342 18.00131 18.08739 18.21054 18.28574 18.35398 18.41236 18.45949 18.4929 18.51062 18.52541 18.64085 18.68023 18.75548 18.97469 19.32074 19.92335 20.71735 21.65455 23.41011 24.55294 25.69241 26.77895 27.75318 28.53775 29.01986 29.18677 29.16748 29.37865 29.44882 29.5613 29.70496 29.99645 30.00167 30.08129
18.27076 18.18607 18.11214 18.09101 18.06995 18.1414 18.11301 17.98218 17.67058 17.35236 17.16634 16.96421 16.76792 16.84929 16.7859 16.76183 16.75226 16.76183 16.79256 16.85558 16.98618 17.16876 17.20401 17.2955 17.40403 17.55427 17.81877 17.90178 17.94473 17.9998 18.11336 18.18416 18.25868 18.33224 18.40166 18.46419 18.51807 18.56349 18.67048 18.70673 18.7567 18.8086 18.84013 19.06473 19.61631 20.37185 21.28207 22.98768 24.11775 25.25615 26.35812 27.37336 28.24461 28.9086 29.25075 29.50586 29.53039 29.53431 29.56977 29.6627 29.7931 29.92249 30.0021 30.08413
18.38 18.30871 18.24753 18.33695 18.29045 18.23502 18.15817 18.00678 17.82555 17.55456 17.2878 17.24286 17.13258 17.00762 16.99835 16.99902 16.99905 16.99849 16.99862 17.00696 17.29495 17.33906 17.384 17.47051 17.59246 17.73526 17.86766 17.93621 18.04277 18.07117 18.11882 18.24 18.30795 18.37764 18.44674 18.51219 18.57143 18.67657 18.72933 18.78773 18.87648 18.99106 19.02595 19.39791 20.05885 21.54182 22.58481 23.69193 24.81917 25.92329 26.95784 27.86953 28.59169 29.0489 29.49143 29.61079 29.64787 29.6577 29.68157 29.74281 29.86455 29.99828 30.14742 30.2743
18.50729 18.57849 18.51529 18.45316 18.38891 18.31592 18.22627 18.11038 17.98879 17.7406 17.65957 17.46561 17.33675 17.242 17.2181 17.21293 17.20898 17.20474 17.41259 17.43756 17.4761 17.50488 17.53511 17.6139 17.74657 17.87686 17.99724 18.04435 18.09355 18.13928 18.18559 18.23803 18.29512 18.3562 18.4214 18.53228 18.60206 18.72654 18.77708 18.83242 18.91657 19.01884 19.31391 19.84963 21.24264 22.23059 23.30355 24.41222 25.51069 26.55494 27.50093 28.30351 29.04138 29.36307 29.57072 29.68224 29.72765 29.74593 29.769 29.81637 29.93542 30.00202 30.16392 30.3297
18.81043 18.76339 18.62922 18.55339 18.47207 18.38155 18.27664 18.15101 18.08933 17.99511 17.82048 17.66121 17.54775 17.47346 17.43961 17.4194 17.40349 17.5687 17.61283 17.64155 17.66026 17.67352 17.68667 17.72486 17.86816 18.00155 18.04572 18.09434 18.14645 18.19713 18.24568 18.29576 18.34752 18.45035 18.50966 18.57744 18.65066 18.72304 18.78677 18.83748 18.89259 19.00498 19.60812 20.99774 21.92912 22.96291 24.04941 25.1393 26.18612 27.14596 28.39725 28.93385 29.22396 29.45558 29.62118 29.72121 29.77319 29.80227 29.83169 29.92686 29.99847 30.07056 30.21612 30.39227
18.91882 18.87013 18.80144 18.72157 18.63405 18.53926 18.43634 18.3631 18.12107 18.00184 17.90921 17.80822 17.73236 17.68256 17.65031 17.79201 17.74929 17.72652 17.81136 17.8366 17.8383 17.84368 17.84324 17.99839 18.00275 18.07008 18.1076 18.15148 18.20182 18.2529 18.3018 18.35028 18.45126 18.5019 18.55895 18.62611 18.7024 18.78484 18.86306 18.92305 19.02933 19.42416 20.01226 20.76311 21.65535 22.65689 23.72477 24.80998 26.83799 28.17934 28.70128 29.02135 29.28472 29.48536 29.63073 29.72692 29.78759 29.83828 29.89731 29.95065 30.0015 30.1218 30.284 30.47186
18.99877 18.94542 18.87325 18.78824 18.69333 18.62628 18.51369 18.39736 18.28046 18.1676 18.06791 17.99916 17.92469 18.00007 17.99842 17.93082 17.89061 17.86943 17.99609 18.00015 17.99973 17.99972 18.08302 18.08092 18.0842 18.12919 18.16613 18.20817 18.25706 18.30744 18.40989 18.46026 18.51631 18.56079 18.61322 18.67592 18.75064 18.84203 18.93999 19.01396 19.27699 19.8055 20.52227 21.38526 22.36271 23.41755 24.50453 26.32191 27.24538 28.01776 28.61987 28.9833 29.14447 29.3205 29.61172 29.7076 29.75842 29.83337 29.92039 29.99855 30.07456 30.21138 30.38627 30.58317
19.00094 18.97355 18.91233 18.85186 18.75589 18.65107 18.54093 18.42896 18.31886 18.21444 18.12084 18.04309 18.08805 18.08203 18.07901 18.05583 18.00107 17.99934 17.9988 18.06223 18.09933 18.11779 18.12842 18.13576 18.14928 18.18268 18.22065 18.26297 18.31169 18.41524 18.46146 18.50853 18.56227 18.6167 18.66934 18.72461 18.78716 18.8877 19.00986 19.2475 19.68032 20.32166 21.13321 22.07605 23.1125 24.19989 26.05648 27.03675 27.8593 28.47952 28.94637 29.12655 29.1752 29.32029 29.46231 29.56544 29.65918 29.74422 29.82232 30.00252 30.15373 30.3344 30.73721 30.95935
19.02762 18.99954 18.93883 18.85994 18.76838 18.66841 18.56398 18.45911 18.35807 18.26404 18.23737 18.1896 18.16028 18.14554 18.13129 18.10191 18.06268 18.04601 18.0307 18.0486 18.07854 18.10975 18.13526 18.15525 18.19755 18.23237 18.27272 18.37828 18.42319 18.47027 18.5145 18.5565 18.60708 18.66735 18.72851 18.85368 18.89477 19.00255 19.2425 19.63464 20.19971 20.93674 21.82058 22.81736 24.66506 25.7502 26.78279 27.69384 28.39261 28.77243 29.01424 29.18598 29.37362 29.44896 29.53592 29.6228 29.70687 29.79573 29.90066 30.00013 30.12535 30.50863 30.75142 30.99777
19.04912 18.99999 18.93775 18.86221 18.77599 18.68246 18.58519 18.48805 18.39659 18.35991 18.29723 18.25247 18.22102 18.19872 18.17379 18.1412 18.10479 18.10208 18.07743 18.06655 18.08893 18.11838 18.14766 18.17513 18.20328 18.27101 18.31815 18.37027 18.4242 18.47503 18.57249 18.61179 18.65866 18.71948 18.83618 18.90802 18.99405 19.20951 19.59205 20.12492 20.80332 21.62025 23.31837 24.35315 25.41751 26.46268 27.43102 28.2592 28.86243 29.01792 29.17262 29.42127 29.49108 29.55857 29.63194 29.70708 29.78091 29.85887 29.99615 30.22402 30.47088 30.74029 31.01883 31.2813
19.0541 18.99998 18.93655 18.86388 18.78316 18.69644 18.60629 18.54498 18.46911 18.40377 18.34921 18.30683 18.27126 18.24348 18.21087 18.20044 18.15871 18.12189 18.09525 18.08317 18.10185 18.13015 18.16195 18.19496 18.25944 18.30544 18.35747 18.41369 18.471 18.52596 18.58165 18.63591 18.75161 18.81087 18.87849 18.90593 19.06111 19.47911 20.0354 20.70086 21.4735 23.11046 24.08378 25.1001 26.12223 27.09648 27.95689 28.63116 29.02299 29.35303 29.45257 29.52999 29.59732 29.66474 29.73547 29.80518 29.86636 29.89852 30.16329 30.40715 30.68857 30.99286 31.30573 31.58415
19.11888 18.99999 18.93614 18.86664 18.79167 18.72979 18.6498 18.57028 18.50101 18.44133 18.39176 18.35316 18.30997 18.27681 18.26485 18.22144 18.17704 18.13806 18.11082 18.09917 18.11835 18.1473 18.20708 18.24812 18.2926 18.34252 18.39851 18.45899 18.52065 18.58089 18.63802 18.7583 18.81527 18.89444 18.99599 19.00542 19.18796 19.46111 19.96977 21.32129 22.11901 23.8843 24.83452 25.8073 26.76635 27.65151 28.38905 29.02178 29.26585 29.41722 29.51989 29.6031 29.6798 29.7574 29.83698 29.91432 30.11464 30.22794 30.38946 30.63331 30.91829 31.23505 31.58052 31.92814
19.12245 19.05245 19.0001 18.9381 18.87185 18.80829 18.6648 18.58783 18.52606 18.47012 18.42017 18.37947 18.36101 18.32417 18.28326 18.23777 18.19164 18.15166 18.12492 18.11531 18.13937 18.1972 18.23687 18.28223 18.32966 18.38281 18.44221 18.50698 18.57372 18.70028 18.76757 18.83241 18.89819 18.92508 18.999 19.18166 19.52485 20.61547 21.32637 22.10311 22.92395 23.7765 24.65492 25.55275 26.45693 27.33784 28.55138 29.14991 29.31029 29.43984 29.54492 29.64226 29.73503 29.82907 29.99874 30.08417 30.20488 30.35992 30.56801 30.83887 31.11531 31.41965 31.73994 32.38743
19.11733 19.03797 18.95736 18.90802 18.85405 18.79684 18.73581 18.66605 18.59575 18.53476 18.48165 18.44692 18.3755 18.33857 18.29698 18.25074 18.20396 18.16387 18.13823 18.14665 18.17826 18.2195 18.26563 18.31804 18.36753 18.42477 18.48743 18.60578 18.68447 18.76143 18.83162 18.89578 18.99608 18.99887 19.05404 19.45694 20.62908 21.35712 22.1376 22.94679 23.76672 24.58835 25.40845 26.22339 27.50495 28.16266 28.87978 29.13715 29.18367 29.31607 29.43627 29.54547 29.76693 29.88063 29.99971 30.11408 30.25438 30.43077 30.65568 30.9377 31.25634 31.70226 32.10795 32.762
19.10583 18.9999 18.93778 18.8877 18.83691 18.78273 18.72418 18.66075 18.59728 18.54345 18.49661 18.45687 18.42165 18.3863 18.3491 18.30796 18.26245 18.22971 18.16582 18.16221 18.19074 18.233 18.28329 18.33979 18.39882 18.46553 18.56835 18.6511 18.73687 18.82144 18.89277 18.91194 19.00679 19.19453 20.04899 20.66753 21.39859 22.19394 23.01583 23.83475 24.63172 25.39991 26.13872 27.43318 27.91393 28.28438 28.9447 29.1806 29.2541 29.34878 29.45524 29.59357 29.7136 29.82584 29.92479 30.00129 30.13127 30.28613 30.70937 30.99876 31.46051 31.93094 32.48183 33.27466
19.12706 19.00005 18.93168 18.87798 18.82542 18.77142 18.71469 18.65261 18.59932 18.5501 18.50658 18.46862 18.43365 18.39548 18.35773 18.31845 18.29241 18.24678 18.20634 18.18127 18.18109 18.21186 18.25714 18.3674 18.47274 18.53581 18.60607 18.68328 18.77864 18.88164 18.99548 19.00989 19.23257 20.12727 20.73677 21.45445 22.25349 23.09459 23.93784 24.74841 25.50397 26.97546 27.54157 28.04918 28.44529 28.68732 28.98929 29.16062 29.26273 29.38773 29.50798 29.629 29.7551 29.87802 29.99793 30.06721 30.18081 30.33076 30.58968 30.84378 31.18386 31.61711 32.13607 33.87066
19.14689 19.00025 18.93354 18.87375 18.81656 18.76254 18.70174 18.65247 18.60575 18.5617 18.52077 18.48291 18.44752 18.40241 18.37083 18.34122 18.31331 18.26592 18.22682 18.19929 18.20343 18.25176 18.30482 18.44413 18.49651 18.54437 18.59974 18.66333 18.71489 18.88098 19.00967 19.62785 20.15666 20.78886 21.50801 22.3037 23.15393 24.02524 24.87701 26.57025 27.19972 27.68125 28.15764 28.60473 28.94104 28.9929 28.94277 29.10812 29.3156 29.44952 29.56337 29.67902 29.80466 29.91232 30.00181 30.11887 30.3622 30.51103 30.7002 30.96818 31.35886 31.90128 32.563 33.46835
19.17929 18.99944 18.91178 18.84788 18.76366 18.7215 18.69213 18.65575 18.61938 18.58065 18.53954 18.49641 18.45202 18.41482 18.37646 18.3434 18.31314 18.2783 18.25374 18.23328 18.27614 18.44301 18.50421 18.56462 18.61731 18.65258 18.70322 18.77922 18.80347 19.0084 19.12753 19.5857 20.15941 20.81697 22.33877 23.18354 24.06339 24.94984 26.67154 27.42704 28.00397 28.27855 28.63672 28.98393 29.19053 29.21595 29.37843 29.41148 29.47975 29.57534 29.65593 29.75206 29.88914 29.99981 30.10461 30.39537 30.53566 30.68233 30.86746 31.14157 31.56902 32.17148 33.05648 34.93427
19.24364 19.00559 18.99387 18.83972 18.74431 18.70227 18.68668 18.67649 18.65681 18.61825 18.56613 18.52278 18.46662 18.4179 18.37597 18.3402 18.30997 18.28468 18.26376 18.37815 18.49641 18.56974 18.63889 18.71344 18.7824 18.80094 18.8492 18.98576 19.37797 19.52004 19.77451 20.26804 20.89801 21.61163 22.38518 23.20579 24.91224 25.75817 26.60307 27.41531 28.76807 28.94561 29.02621 29.22185 29.35326 29.51148 29.53256 29.57409 29.64555 29.73855 29.81861 29.84228 29.99386 30.21895 30.43415 30.62117 30.77757 30.9286 31.11446 31.39896 31.91288 33.29782 34.52399 35.87276
19.73345 19.61547 19.28305 19.01248 18.85368 18.71705 18.71065 18.71968 18.70926 18.66546 18.55932 18.47929 18.42113 18.37741 18.34304 18.31604 18.2969 18.29018 18.38988 18.45744 18.56299 18.67968 18.7688 18.86901 18.99009 19.00004 19.49329 19.74451 19.99644 20.27002 20.63576 21.15545 21.79359 22.51013 23.27842 24.94352 25.70605 26.47716 27.24226 27.95135 28.55116 28.99164 29.18683 29.37356 29.47263 29.59743 29.64 29.69614 29.7775 29.88445 29.9964 30.10209 30.22133 30.45281 30.70461 30.92139 31.09049 31.25526 31.45539 31.72615 32.99839 34.13955 35.49663 36.94711
20.33396 19.93419 19.56033 19.2353 18.9984 18.83781 18.80093 18.77696 18.90322 18.83708 18.68947 18.48855 18.43948 18.40675 18.3833 18.36669 18.5701 18.57417 18.59144 18.62891 18.68958 18.77142 18.88349 18.99249 19.16703 19.83468 20.14601 20.47602 20.81578 21.18362 21.62015 22.1564 22.78098 24.44579 25.10614 25.77182 26.43451 27.09855 27.76651 28.34872 28.77107 29.15593 29.30695 29.42343 29.51584 29.59022 29.6512 29.70787 29.77143 29.84898 29.99836 30.25834 30.466 30.74084 31.03127 31.27645 31.44556 31.6385 32.33685 32.91341 33.86053 35.12171 36.57902 38.10866
