public/沉降量2015-2021（地形转栅格）/cjl2015.txt
ncols         346
nrows         239
xllcorner     104.24612109509
yllcorner     31.067832478687
cellsize      0.0008476514969488
NODATA_value  -9999
[rows 56 to 83 of 239, columns 128 to 191 of 346]
16.88091 16.91511 17.06374 17.12409 17.19216 17.26677 17.34607 17.42772 17.50925 17.58838 17.74507 17.8069 17.86197 17.90979 17.95057 17.98518 18.01445 18.0377 18.07364 18.0766 18.07352 18.0698 18.05023 18.00206 17.99654 17.92591 17.8529 17.64104 17.56812 17.47733 17.36325 17.23271 17.1085 17.00226 16.987 16.60049 16.48993 16.39249 16.13638 16.0038 15.99869 15.99728 15.91893 15.88747 15.74094 15.71014 15.68323 15.67039 15.67393 15.6924 15.73179 15.77936 15.8056 15.8718 15.93683 15.99929 16.04199 16.11988 16.22109 16.33264 16.44526 16.61274 16.71122 16.79593
17.05173 17.09452 17.19476 17.25288 17.31661 17.38536 17.45779 17.53204 17.70721 17.76978 17.82829 17.88131 17.92742 17.966 17.9974 18.0232 18.04575 18.07151 18.0759 18.07105 18.05731 18.06129 18.05697 17.99644 17.82216 17.62333 17.55367 17.49479 17.43616 17.36134 17.25595 17.12089 16.9983 16.86513 16.51332 16.39367 16.31318 16.24209 16.1596 16.06575 15.99862 15.87376 15.73004 15.67822 15.61782 15.59597 15.58189 15.58074 15.59426 15.62387 15.63575 15.70965 15.78655 15.86204 15.93306 16.00004 16.06821 16.15882 16.26796 16.44423 16.56716 16.67951 16.77748 16.86022
17.20683 17.25064 17.29634 17.34466 17.39665 17.453 17.51353 17.69724 17.80586 17.85771 17.90555 17.94829 17.9839 18.01152 18.03114 18.04063 18.04887 18.05444 18.05433 18.04284 18.00091 17.99969 17.9985 17.89934 17.62314 17.49831 17.40361 17.34505 17.30512 17.25544 17.16565 17.00582 16.72495 16.45724 16.25146 16.17768 16.14872 16.11665 16.07261 16.0018 15.88126 15.76193 15.64709 15.5709 15.52952 15.50287 15.48764 15.48436 15.495 15.45363 15.60221 15.6884 15.77623 15.85979 15.93346 15.99981 16.08735 16.23686 16.37187 16.50845 16.63817 16.75294 16.84908 16.93193
17.38321 17.42335 17.46283 17.50327 17.54634 17.72816 17.76779 17.80991 17.85242 17.89374 17.93296 17.96772 17.99883 18.03872 18.03408 18.00065 17.99919 17.99984 18.0002 17.99878 17.93172 17.87014 17.71047 17.61877 17.49416 17.36393 17.24585 17.18175 17.16608 17.15393 16.99328 16.82494 16.54745 16.25095 16.01276 15.99924 15.99993 16.00028 15.99856 15.80159 15.73374 15.63542 15.53657 15.45818 15.41729 15.39437 15.3871 15.31539 15.35134 15.41072 15.48898 15.57912 15.67646 15.77597 15.87067 16.00126 16.16177 16.28978 16.43186 16.57723 16.71477 16.8324 16.92202 17.0003
17.56694 17.59944 17.62951 17.65976 17.82384 17.84826 17.87638 17.90657 17.93553 17.96169 17.98633 18.00358 17.99928 17.99983 18.00016 17.99883 17.93585 17.87961 17.89004 17.88301 17.70883 17.65136 17.58639 17.49138 17.37044 17.23762 17.11381 17.00289 16.99747 16.78223 16.75483 16.60935 16.37449 16.13419 15.99709 15.91815 15.88566 15.73178 15.69519 15.64054 15.57079 15.48705 15.40548 15.34229 15.30603 15.29197 15.21461 15.24811 15.30463 15.37721 15.46478 15.56376 15.67052 15.78151 15.89389 16.00012 16.09341 16.20597 16.34076 16.49029 16.64476 16.91827 17.07828 17.16146
17.74299 17.76472 17.91142 17.91989 17.93013 17.94271 17.95926 17.97792 17.9925 18.00018 17.99916 17.95071 17.89756 17.90356 17.9043 17.89016 17.83811 17.78314 17.77441 17.63666 17.61572 17.58224 17.53517 17.47434 17.37774 17.11984 16.99755 16.69965 16.5914 16.56997 16.5303 16.41303 16.22 16.00702 15.90579 15.82475 15.64662 15.5861 15.53354 15.47391 15.40463 15.33087 15.26252 15.21764 15.09222 15.11409 15.14585 15.19936 15.26839 15.35166 15.4476 15.55338 15.66348 15.77918 15.89139 15.99995 16.1118 16.23906 16.38367 16.54034 16.70148 16.88445 17.00003 17.11193
18.00007 17.99997 17.99998 17.99998 17.99993 17.99997 18.0048 18.0138 18.0159 17.96698 17.93354 17.87627 17.81579 17.79839 17.78849 17.76701 17.72414 17.56222 17.52708 17.50123 17.47718 17.45141 17.41404 17.35717 17.27412 17.16982 16.98727 16.73478 16.51889 16.39584 16.3705 16.26436 16.12953 15.9958 15.73449 15.60755 15.50687 15.43521 15.37671 15.31542 15.24743 15.18323 15.00122 14.99951 15.00061 15.04542 15.09679 15.16191 15.24131 15.33372 15.43695 15.54935 15.66841 15.78564 15.89551 15.9996 16.12637 16.26764 16.42111 16.62202 16.78076 16.91889 17.00213 17.14205
18.03867 18.04079 18.03969 18.03365 18.02242 18.0089 17.99995 17.89884 17.90311 17.88003 17.84056 17.78508 17.72815 17.68989 17.67096 17.64485 17.48893 17.44223 17.39693 17.36296 17.33245 17.31569 17.29274 17.24755 17.00761 16.98629 16.78756 16.51271 16.27433 16.18977 16.18059 16.17193 15.99212 15.85401 15.71386 15.58364 15.45607 15.28213 15.23179 15.1767 15.11062 14.99857 14.94865 14.93552 14.95476 15.00072 15.06102 15.13453 15.22277 15.3204 15.43663 15.55838 15.68342 15.80762 15.92024 16.00262 16.15182 16.30604 16.52182 16.66805 16.82978 16.9971 17.08811 17.21672
18.03259 18.03582 18.03555 18.02562 18.00351 17.97245 17.86375 17.81825 17.80182 17.77551 17.73536 17.68424 17.63224 17.58968 17.45237 17.41922 17.37768 17.32573 17.27204 17.22542 17.17556 17.16758 17.00042 16.98977 16.84267 16.71474 16.50897 16.26309 16.01631 15.999 16.00009 15.80117 15.74684 15.62643 15.50278 15.40749 15.28818 15.17651 15.13336 15.00006 14.9986 14.93854 14.88153 14.87763 14.92711 14.99864 15.04136 15.11627 15.20842 15.32507 15.44721 15.57412 15.70627 15.84646 15.99728 16.11391 16.35651 16.49329 16.61681 16.71768 16.8448 16.99906 17.14163 17.29781
17.99677 17.99289 17.99439 17.99512 17.91386 17.88241 17.78035 17.7295 17.69859 17.66619 17.62493 17.57661 17.41687 17.37571 17.34418 17.31522 17.27337 17.21207 17.14859 17.09735 17.00383 16.77311 16.76321 16.71828 16.58182 16.42287 16.25142 16.12762 15.99662 15.76341 15.66912 15.58771 15.49531 15.3727 15.25776 15.22509 15.12598 15.00387 14.88737 14.87897 14.87092 14.83724 14.81406 14.80061 14.81387 14.8736 14.90281 14.99969 15.21777 15.33913 15.46529 15.59469 15.72584 15.85836 16.00905 16.25503 16.46023 16.62434 16.7531 16.84413 16.89704 17.0043 17.20066 17.53702
17.93877 17.92632 17.82953 17.82979 17.82098 17.79099 17.74269 17.68733 17.63497 17.59352 17.55568 17.39968 17.30159 17.25946 17.23607 17.21716 17.17769 17.09661 17.00344 16.81345 16.696 16.58924 16.53386 16.45497 16.31834 16.15867 16.00985 15.99468 15.71498 15.59414 15.48539 15.38646 15.27915 15.1537 15.00795 15.00232 14.88297 14.81817 14.77665 14.75437 14.73963 14.7216 14.71213 14.71621 14.71211 14.79406 14.89007 14.99995 15.11367 15.23443 15.3613 15.49273 15.62731 15.82726 16.15419 16.3892 16.59925 16.76962 16.90124 16.99691 17.00314 17.29715 17.49604 17.70073
17.85941 17.73636 17.71842 17.7151 17.70858 17.68296 17.63824 17.58522 17.53339 17.37892 17.33637 17.28892 17.23495 17.18571 17.13429 17.12217 17.11991 17.09529 16.73428 16.61717 16.50118 16.39956 16.33199 16.24661 16.1219 16.00362 15.83008 15.68036 15.53881 15.41452 15.30712 15.21846 15.1303 15.07145 14.9262 14.84657 14.77886 14.71322 14.66376 14.63274 14.61591 14.60887 14.61445 14.5828 14.66695 14.76566 14.87736 14.99995 15.12541 15.25541 15.39015 15.57217 15.72424 15.87796 16.01584 16.28903 16.56019 16.75289 16.90007 16.99839 17.27855 17.45184 17.65071 17.84613
17.66122 17.62595 17.59694 17.58655 17.58055 17.56038 17.52256 17.35679 17.30899 17.26147 17.22684 17.18253 17.12114 17.07951 17.00194 16.99969 16.8289 16.78111 16.66472 16.53028 16.40331 16.29473 16.19728 16.15735 15.90456 15.83007 15.67396 15.50352 15.35071 15.23848 15.14271 15.08356 15.00196 14.86196 14.80859 14.73982 14.66941 14.60318 14.55086 14.51749 14.50336 14.41828 14.45612 14.53274 14.62916 14.74062 14.86495 14.99995 15.13865 15.28055 15.47054 15.62366 15.78964 15.99263 16.18927 16.49025 16.77417 16.89935 17.08028 17.13316 17.25658 17.41117 17.58651 17.76794
17.55378 17.51356 17.47224 17.45073 17.44199 17.42624 17.26705 17.23727 17.19225 17.13626 17.11658 17.08527 17.00264 16.99597 16.72847 16.67111 16.6201 16.5449 16.43019 16.31098 16.19039 16.1105 16.0043 15.85888 15.82186 15.73798 15.63557 15.48605 15.31486 15.08817 15.00222 14.88067 14.8145 14.75038 14.6923 14.62561 14.55617 14.49162 14.44099 14.41066 14.31666 14.34644 14.40918 14.49679 14.60253 14.72229 14.85459 14.99985 15.17424 15.36091 15.53361 15.67695 15.81414 16.00312 16.28848 16.65072 16.99852 17.10271 17.18657 17.26998 17.39076 17.53845 17.70024 17.86129
17.4482 17.40467 17.35151 17.31564 17.16501 17.14031 17.13459 17.12073 17.08431 17.00232 17.00006 16.99472 16.88331 16.56161 16.49361 16.44889 16.40228 16.31878 16.2031 16.11883 16.0052 15.8461 15.76668 15.70113 15.63601 15.54914 15.44721 15.31571 15.1578 14.99699 14.87222 14.81359 14.76483 14.70445 14.64045 14.50997 14.44242 14.38175 14.23865 14.22577 14.24319 14.29785 14.3764 14.47521 14.58934 14.71432 14.85524 14.99936 15.20727 15.4386 15.65401 15.81023 15.85682 16.00131 16.31297 16.68177 16.99635 17.15567 17.27306 17.3844 17.50977 17.64687 17.78497 17.94806
17.3504 17.30474 17.24165 17.08175 17.05543 17.00136 16.99883 17.00025 16.99649 16.90224 16.84151 16.53269 16.39739 16.27877 16.23584 16.21879 16.19979 16.12891 16.00653 15.8444 15.76201 15.68658 15.60448 15.53026 15.45093 15.36143 15.28137 15.19213 15.00043 14.91508 14.80706 14.72594 14.66245 14.59796 14.52965 14.46005 14.28456 14.22451 14.17531 14.14736 14.14645 14.26359 14.35778 14.46933 14.59309 14.75794 14.8928 15.00843 15.26158 15.53557 15.78991 15.99102 16.00315 16.2867 16.49303 16.75483 16.99744 17.18225 17.33669 17.47553 17.60901 17.73765 17.91698 17.99893
17.30608 17.20838 17.16181 17.0896 17.0021 16.90894 16.83675 16.83092 16.80894 16.53425 16.43445 16.30709 16.15406 16.00913 15.99907 16.00045 16.00195 15.99604 15.75449 15.68729 15.60664 15.52404 15.44151 15.36354 15.27682 15.17793 14.99989 14.99869 14.92246 14.83379 14.73582 14.64752 14.5689 14.49804 14.42399 14.24582 14.17894 14.12243 14.07924 14.0612 14.07964 14.14964 14.24166 14.35695 14.49784 14.65079 14.81657 15.13536 15.37286 15.6388 15.86784 16.01254 16.32666 16.47355 16.64031 16.85026 17.00692 17.21379 17.39797 17.55681 17.77597 17.88126 17.95465 18.00073
17.17669 17.16392 17.13313 17.08284 17.00044 16.92731 16.81314 16.70559 16.50352 16.4356 16.34791 16.13493 15.99937 15.87784 15.8391 15.83128 15.67606 15.65171 15.59841 15.52974 15.44932 15.36433 15.28412 15.21474 15.12872 14.91641 14.89418 14.87987 14.82444 14.74749 14.65894 14.56932 14.48312 14.29646 14.2182 14.1431 14.07498 14.01735 13.9845 13.97879 14.02945 14.09577 14.22434 14.36678 14.52001 14.67898 14.8386 15.00022 15.21299 15.48054 15.84466 16.00916 16.21192 16.58441 16.75354 16.98857 17.12476 17.30194 17.57632 17.73299 17.85486 17.94621 17.99986 18.02913
17.10452 17.10316 17.09866 17.07793 16.9981 16.85352 16.54547 16.42172 16.3505 16.2758 16.17461 16.11133 16.00043 15.87927 15.77392 15.6042 15.56294 15.50086 15.4486 15.38025 15.30149 15.21434 15.13546 14.99821 14.91731 14.84277 14.80354 14.77509 14.72873 14.66323 14.58259 14.42391 14.32549 14.22423 14.13234 14.05103 13.97963 13.92059 13.8926 13.90333 13.93625 14.07008 14.21878 14.3796 14.55044 14.7248 14.8849 15.01081 15.39757 15.69769 15.98652 16.13826 16.31786 16.50887 16.69307 16.86376 17.00685 17.29848 17.67811 17.82459 17.92332 17.99911 18.03513 18.06197
16.99955 16.99993 17.00053 16.99572 16.87316 16.49669 16.34095 16.22329 16.1883 16.1363 16.0056 15.99651 15.88987 15.65107 15.55804 15.48657 15.43561 15.40017 15.36338 15.31152 15.2448 15.07883 14.92386 14.88417 14.81862 14.75655 14.71459 14.68237 14.64222 14.5861 14.44689 14.36062 14.26107 14.15674 14.05746 13.96768 13.89362 13.83489 13.72029 13.78553 13.90458 14.05241 14.21645 14.39229 14.58049 14.78291 14.99338 15.21378 15.47616 15.75473 15.99897 16.20887 16.40822 16.60063 16.7946 17 17.17908 17.38448 17.59401 17.77974 17.91257 17.96416 18.00078 18.04626
16.83966 16.83673 16.82156 16.53291 16.40589 16.27531 16.13227 16.00545 16.00072 15.99733 15.90482 15.69868 15.60955 15.51423 15.43067 15.35986 15.30213 15.26855 15.23696 15.18886 15.00226 14.99823 14.91852 14.83601 14.77227 14.70987 14.65739 14.62111 14.47886 14.44028 14.37853 14.29414 14.19311 14.08486 13.97979 13.88655 13.81184 13.67164 13.63628 13.7391 13.87917 14.04221 14.21857 14.40201 14.59248 14.79445 14.99972 15.24842 15.53983 15.82158 16.01882 16.28883 16.50293 16.7683 16.88377 17.0063 17.23023 17.46594 17.68724 17.87259 17.99779 18.00097 18.0656 18.09996
16.68429 16.50086 16.43446 16.31923 16.1812 16.10249 16.0001 15.90555 15.87038 15.84106 15.62099 15.54249 15.45459 15.36323 15.29367 15.22766 15.15792 15.13617 15.00044 14.99711 14.91814 14.86921 14.79374 14.71347 14.64326 14.5841 14.54136 14.38919 14.39003 14.38208 14.35254 14.29579 14.21311 14.11103 13.88888 13.67394 13.59133 13.54036 13.5457 13.693 13.85677 14.03849 14.23035 14.48486 14.66248 14.81979 14.99701 15.27479 15.61724 15.97378 16.22036 16.47954 16.83062 16.89037 16.99904 17.13526 17.34156 17.56697 17.77402 17.93007 18.04546 18.07502 18.10281 18.13217
16.43267 16.36749 16.29814 16.16705 16.00479 15.99857 15.92076 15.8322 15.6522 15.55455 15.45722 15.37904 15.29373 15.19563 15.15182 15.10202 15.00358 14.84724 14.82885 14.80696 14.74716 14.68789 14.61828 14.54511 14.47851 14.21631 14.20457 14.22314 14.24795 14.25611 14.23555 14.18357 14.10361 13.85532 13.75017 13.64167 13.54053 13.45814 13.40778 13.46741 13.81327 14.0359 14.31986 14.59901 14.84152 14.9917 15.01718 15.31305 15.66025 16.00519 16.54377 16.96435 17.00133 17.00414 17.12388 17.27954 17.47304 17.67768 17.86224 18.00129 18.063 18.10275 18.13372 18.16259
16.37279 16.29411 16.23288 16.16474 16.00115 15.94257 15.85462 15.64173 15.51139 15.38709 15.26309 15.2035 15.13486 15.0075 14.99963 14.72464 14.6482 14.6057 14.57729 14.54064 14.48895 14.43514 14.37665 13.99654 13.95222 13.92577 13.93833 13.99839 14.05622 14.08224 14.06978 14.02293 13.72855 13.65202 13.56569 13.47541 13.38953 13.32366 13.2989 13.37847 13.44986 13.71025 14.02052 14.35497 14.69006 15.12714 15.22174 15.46896 15.77446 16.25459 16.65074 16.99843 17.11195 17.16732 17.27805 17.42724 17.60211 17.86808 17.99862 18.04781 18.0913 18.12835 18.16073 18.1913
16.22853 16.14857 16.09937 16.00377 15.99577 15.72266 15.65299 15.57811 15.46918 15.18279 15.01634 14.99896 14.98668 14.55133 14.43654 14.33355 14.27012 14.25328 14.23039 14.18057 14.12952 14.08598 13.57811 13.55134 13.52712 13.52271 13.56734 13.69604 13.79538 13.83699 13.48375 13.4563 13.41836 13.37305 13.32153 13.26603 13.2119 13.17311 13.18647 13.14031 13.34725 13.64421 13.98793 14.34886 14.69954 15.00099 15.20218 15.45448 15.70996 16.00453 16.32875 16.99949 17.1716 17.28559 17.41018 17.65095 17.79124 17.91299 18.00017 18.0597 18.10713 18.14719 18.18267 18.21611
16.09391 16.00295 15.99339 15.66894 15.53548 15.40217 15.34748 15.31586 15.22919 15.02928 14.92843 14.75322 14.23799 14.20172 14.10567 13.79331 13.74197 13.7829 13.77618 13.69591 12.96343 12.93381 12.92345 12.91994 12.93288 12.97897 13.07069 13.30603 13.44006 12.97748 12.98973 12.98943 12.99263 12.99532 12.99568 12.99633 12.99769 12.84595 12.99324 13.00849 13.2586 13.58883 13.95382 14.32665 14.6836 14.99488 15.24796 15.48569 15.73158 16.00322 16.34571 16.70004 16.99846 17.20417 17.41203 17.57436 17.72109 17.94989 18.00091 18.0647 18.11773 18.16184 18.21684 18.25494
16.00113 15.89303 15.62339 15.4837 15.35416 15.19745 15.00426 14.95113 14.89956 14.6344 13.85791 13.71568 13.6616 13.62975 13.53313 13.32746 13.07899 13.03777 13.18937 12.47206 12.22009 12.00726 11.98887 12.00125 12.08267 12.28275 12.52363 11.96622 12.08699 12.22901 12.3164 12.36547 12.43054 12.49465 12.5539 12.22746 12.40236 12.61157 12.83301 13.00144 13.23922 13.56821 13.93865 14.31439 14.69136 15.01184 15.28541 15.51499 15.73792 16.00106 16.35879 16.71769 17.01344 17.2575 17.4588 17.62697 17.77269 17.89888 17.99904 18.03846 18.08589 18.14855 18.19177 18.27151
15.88381 15.71995 15.51814 15.32533 15.18867 14.99407 14.58242 14.29152 14.25341 13.51351 13.32708 13.05724 12.94177 12.90311 12.80445 12.55262 12.22305 11.15277 11.27593 11.29624 11.18872 11.11151 11.07957 11.06831 11.09006 10.69602 10.94524 11.09406 11.19998 11.46939 11.63176 11.69916 11.83268 11.95695 11.62086 11.79943 12.04098 12.33401 12.65496 12.97077 13.19312 13.55057 13.99768 14.49185 14.94869 15.18513 15.39199 15.57968 15.76689 16.00395 16.40139 16.95886 17.16189 17.34733 17.51827 17.67056 17.80368 17.91562 18.00014 18.06145 18.1165 18.16276 18.20646 18.24798
