public/沉降量2015-2021（地形转栅格）/cjl2017.txt
ncols         346
nrows         239
xllcorner     104.24612109509
yllcorner     31.067832478695
cellsize      0.00084765149693467
NODATA_value  -9999
[rows 168 to 195 of 239, columns 128 to 191 of 346]
73.45415 73.21545 72.98172 72.75568 72.54021 72.33832 72.1618 72.03648 71.93044 71.84421 71.78001 71.74139 71.73149 71.75191 72.06556 72.16251 72.43823 72.62318 72.84371 73.09987 73.38681 73.69533 74.02396 74.50148 74.80824 75.00919 75.3024 75.63715 76.00478 76.3938 76.79568 77.44373 77.84862 78.23853 78.60746 78.95186 79.27058 79.56578 79.84084 80.09865 80.49203 80.70456 80.88205 81.00255 81.19289 81.41699 81.67994 81.98245 82.50735 82.87884 83.25327 83.6182 83.96504 84.29051 84.59691 84.89012 85.46588 85.98265 86.26973 86.66067 87.17744 87.78548 88.46158 89.19716
73.2793 73.05679 72.8465 72.65022 72.41286 72.28635 72.17991 72.09277 72.02396 71.9731 71.94174 71.93309 71.95021 72.22409 72.3123 72.42163 72.55121 72.70256 72.87964 73.0871 73.32772 73.79178 74.33945 74.63653 74.98654 75.18851 75.47673 75.82674 76.21291 76.61806 77.26682 77.6806 78.08141 78.46295 78.82035 79.15146 79.45613 79.73953 80.15372 80.39714 80.62225 80.82364 80.99793 81.1109 81.29802 81.54063 81.8277 82.33048 82.70261 83.08665 83.46775 83.83318 84.17496 84.49174 84.7885 85.25447 85.51939 85.76148 86.02695 86.48582 87.01221 87.61211 89.00368 90.42602
73.11842 72.91301 72.72644 72.49004 72.37598 72.28419 72.21291 72.16022 72.1243 72.10429 72.10141 72.3038 72.3645 72.44733 72.55038 72.67013 72.80401 72.95238 73.11921 73.31139 73.73941 73.98431 74.24893 74.52211 74.78925 75.00929 75.30746 76.02476 76.65662 77.08298 77.50597 77.91753 78.31137 78.68217 79.02591 79.34178 79.6284 80.04124 80.2854 80.51845 80.72717 80.89498 81.00186 81.17857 81.40216 81.817 82.15215 82.51998 82.90904 83.30492 83.69191 84.05644 84.39072 84.90878 85.17671 85.45268 85.74174 86.00147 86.33997 86.84116 87.43764 88.10351 89.43852 90.2664
72.97792 72.6946 72.55614 72.44664 72.36389 72.30467 72.26555 72.24355 72.23627 72.24279 72.43438 72.49303 72.57135 72.67007 72.78639 72.91533 73.05244 73.19635 73.58273 73.7289 73.93809 74.17281 74.43172 74.70294 74.98962 75.18852 75.66238 76.05135 76.46761 76.89784 77.3295 77.75237 78.15887 78.90225 79.231 79.72268 79.95448 80.18104 80.40931 80.63182 80.8295 80.99825 81.10247 81.38515 81.65729 81.97747 82.33686 82.72566 83.13156 83.53949 83.93264 84.29604 84.87224 85.13567 85.3696 85.63831 85.97992 86.28972 86.7168 87.27782 88.49553 89.28534 90.127 91.01591
72.77756 72.62891 72.51472 72.43291 72.37991 72.35094 72.34094 72.34592 72.50761 72.55536 72.61465 72.68958 72.78343 72.89668 73.02563 73.16361 73.56456 73.70241 73.83512 73.97424 74.14437 74.35463 74.59564 74.81201 75.00909 75.51596 75.88437 76.29143 76.72067 77.15796 77.59111 78.01042 78.4091 79.03318 79.36987 79.68076 79.95226 80.16729 80.53619 80.73969 80.89682 81.00137 81.26672 81.51108 81.81157 82.15848 82.54182 82.95099 83.37355 83.7942 84.47969 84.84603 85.15086 85.38531 85.55016 85.75372 86.0323 86.53123 87.10894 88.33134 89.13561 89.99776 90.911 91.87059
72.89246 72.72383 72.5955 72.50548 72.42563 72.4245 72.56484 72.61404 72.6702 72.73348 72.80667 72.89522 73.00276 73.12964 73.27121 73.68221 73.83379 73.96951 74.0901 74.20901 74.3445 74.53278 74.79127 75.17929 75.42796 75.75697 76.14295 76.5634 77.00094 77.44117 77.87199 78.2841 78.9489 79.29312 79.61746 79.93204 80.21667 80.42754 80.56146 80.68498 80.99836 81.00169 81.15999 81.38368 81.99272 82.36507 82.77031 83.19764 83.63531 84.35767 84.77898 85.14992 85.45155 85.68178 85.77809 86.00102 86.37151 87.44343 88.1756 88.98903 89.87248 90.81686 91.81299 92.85332
72.85518 72.70256 72.59467 72.52845 72.49934 72.60373 72.65149 72.7121 72.77942 72.927 73.0108 73.10986 73.22898 73.60979 73.77776 73.94946 74.10904 74.24277 74.34732 74.44656 74.56297 74.69497 75.01199 75.30372 75.64401 76.02274 76.43452 76.86823 77.31118 77.75087 78.50479 78.89128 79.24297 79.5614 79.86134 80.18286 80.50115 80.71574 81.00056 81.00138 81.08875 81.15218 81.31512 81.55486 81.85614 82.20862 82.60194 83.30522 83.75046 84.64824 85.0762 85.44231 85.71941 85.98595 86.01385 86.75883 87.34476 88.04893 88.85459 89.74951 90.72365 91.76408 92.8557 93.98506
72.84962 72.71263 72.62484 72.66208 72.68134 72.73077 72.80006 72.8797 72.96317 73.04788 73.13491 73.22755 73.55278 73.68599 73.84613 74.2125 74.38255 74.517 74.59891 74.68111 74.99976 75.16595 75.29341 75.57732 75.9381 76.34007 76.76766 77.20927 78.02727 78.45505 78.85909 79.22961 79.55853 79.84236 80.09103 80.40382 80.77711 81.13771 81.16321 81.17779 81.24576 81.34562 81.52121 81.77286 82.09036 82.74727 83.17224 83.61385 84.05396 84.48372 84.92636 85.35445 85.69827 85.83577 86.29603 87.28654 87.95934 88.74161 89.6307 90.62202 91.70451 92.85812 95.42922 96.74533
72.87148 72.75035 72.76256 72.76422 72.80614 72.87739 72.96667 73.06386 73.16193 73.25802 73.58029 73.67873 73.78021 73.90428 74.06874 74.26064 74.45642 74.63605 74.99711 74.99961 75.18066 75.39524 75.62 75.92705 76.29857 76.70981 77.14339 77.99434 78.42712 78.84329 79.23352 79.589 79.90157 80.16494 80.37817 80.80815 81.00309 81.18096 81.27272 81.33762 81.42751 81.55874 81.75537 82.02385 82.65295 83.06143 83.50354 83.95367 84.38229 84.76756 85.18062 85.60232 86.01646 86.31332 86.73071 87.26392 87.90578 88.65515 89.5194 90.50551 92.82417 95.51605 96.9669 98.37108
72.97354 72.88699 72.85915 72.88243 72.94614 73.03812 73.14627 73.26011 73.58971 73.70776 73.81565 73.91383 74.006 74.10661 74.27025 74.46841 74.66156 74.90311 75.00126 75.11638 75.23414 75.44196 75.69688 75.9825 76.31969 77.13889 77.99274 78.42407 78.84356 79.2426 79.6143 79.95203 80.24962 80.5031 80.99351 81.00127 81.11874 81.26707 81.38782 81.49475 81.61891 81.78308 82.26939 82.58583 82.96423 83.39428 83.85796 84.32904 84.77094 85.13862 85.41488 86.00111 86.33855 86.75784 87.27452 87.88777 88.60037 89.42403 90.37744 92.52522 93.91464 95.44357 97.05104 98.64821
73.04091 72.97318 72.96587 73.01045 73.09517 73.20697 73.33327 73.66811 73.80937 73.94036 74.05744 74.15795 74.24168 74.31855 74.44913 74.83546 74.99731 75.00244 75.13355 75.30942 75.50893 75.75972 76.05176 76.3776 77.18108 77.59081 78.01613 78.44479 78.86435 79.2642 79.63767 80.29053 80.78843 80.89694 81.00113 81.1041 81.23489 81.38091 81.52094 81.66043 82.02888 82.25902 82.54176 82.88361 83.28281 83.73026 84.21164 84.70686 85.18126 85.96728 86.01627 86.33069 86.76372 87.28519 87.88792 88.57342 89.35445 91.13678 92.28522 93.62854 95.16669 96.86629 98.65614 100.4204
73.10965 73.06229 73.07643 73.14224 73.24727 73.5455 73.70561 73.86766 74.02438 74.1702 74.30029 74.40866 74.48745 74.5321 74.77839 74.99461 75.11362 75.19872 75.36159 75.57739 75.82834 76.11752 76.85104 77.22775 77.62877 78.04823 78.47617 78.89932 79.30325 79.67592 80.35214 80.60558 80.82886 80.99686 81.00187 81.10047 81.22447 81.51608 81.6722 82.02946 82.24994 82.51183 82.82339 83.18766 83.60088 84.05296 84.53206 85.23779 85.64217 85.99862 86.27501 86.70302 87.2434 87.86287 88.54832 89.30532 90.99847 92.05583 93.2948 94.74663 96.41319 98.2628 100.2257 102.1761
73.2636 73.17078 73.18579 73.27287 73.54097 73.70473 73.87917 74.05523 74.22626 74.38699 74.53258 74.65677 74.99719 75 74.99705 75.00562 75.20773 75.40742 75.63359 75.89249 76.55727 76.89946 77.26778 77.66017 78.07285 78.49894 78.92757 79.3436 79.72887 80.42579 80.64064 80.83118 81.00015 81.12555 81.1713 81.2568 81.37428 81.67247 81.83363 82.01868 82.23274 82.48303 83.11583 83.49918 83.91801 84.35799 85.06277 85.43267 85.74162 86.02962 86.51816 87.10307 87.76331 88.48093 89.99074 90.88892 91.87581 93.00011 94.31024 95.839 97.58853 99.5293 101.6019 104.674
73.27795 73.22054 73.30911 73.39488 73.52028 73.67625 73.85217 74.03761 74.40572 74.57722 74.88416 75.00069 75.1216 75.17426 75.20845 75.26674 75.45422 75.68846 75.95178 76.61211 76.94397 77.30017 77.68044 78.08247 78.5015 78.92979 79.35567 80.13672 80.48356 80.74431 80.86452 80.99999 81.13631 81.24875 81.327 81.41849 81.69121 81.83484 82.00568 82.20809 82.44737 82.72845 83.05371 83.4211 84.15877 84.58019 84.97891 85.34357 86.00021 86.36499 86.91422 87.58769 88.9789 89.86232 90.77909 91.74078 92.7842 93.95935 95.3141 96.87862 98.65022 101.4821 103.3886 105.238
73.31945 73.33368 73.39391 73.49678 73.63557 73.80183 73.98586 74.17799 74.37003 74.67436 74.84361 74.99857 75.11155 75.34387 75.4436 75.57037 75.77132 76.37735 76.6722 76.99013 77.33035 77.6935 78.07917 78.48436 78.9032 79.32677 80.07214 80.43808 80.75725 80.99447 81.00144 81.11646 81.24684 81.36458 81.59274 81.71213 81.84404 81.99828 82.18336 82.40622 82.67253 82.98527 83.64115 84.06578 84.50412 84.92912 85.30326 85.60936 85.97507 86.30337 86.7639 87.9156 88.76009 90.63361 91.61575 92.63211 93.71916 94.92636 96.29947 98.8118 100.5196 102.3189 104.0903 105.7284
73.36642 73.40187 73.47989 73.59625 73.74473 73.91753 74.10567 74.40569 74.59232 74.76306 74.90482 75.00182 75.17596 75.35481 75.52372 75.69194 76.1907 76.45244 76.73688 77.3642 77.70703 78.07114 78.45605 78.85784 79.59331 79.97688 80.33266 80.64351 80.88333 81.00123 81.09317 81.21523 81.44423 81.58116 81.71452 81.84944 81.99576 82.16487 82.36765 82.61298 82.9069 83.52119 83.93951 84.38902 84.84277 85.27393 85.62209 85.7762 86.03301 86.95241 87.67825 88.51627 89.44588 90.43813 91.46275 92.50122 93.56017 94.675 96.8598 99.73265 101.4167 103.1993 104.9355 106.4343
73.42813 73.47711 73.56738 73.69314 73.84789 74.12265 74.31054 74.49998 74.68153 74.84801 74.9985 75.10851 75.29079 75.50426 75.94943 76.22299 76.50307 76.79254 77.09243 77.40332 77.72725 78.06769 78.75909 79.12625 79.87874 80.23045 80.5393 80.79446 80.99838 81.08681 81.18405 81.38889 81.53822 81.68871 81.83792 81.98965 82.1528 82.33934 82.56133 83.05553 83.39642 83.79088 84.229 84.69579 85.14653 85.58229 85.97129 86.01834 86.82726 87.4883 88.29007 89.20612 90.21048 91.27048 92.35262 93.43512 95.51462 96.62814 97.8154 99.13182 100.6184 102.2894 104.1122 105.9678
73.49503 73.55617 73.65546 73.78739 74.03812 74.21441 74.39995 74.58496 74.75723 74.90115 75.00212 75.19183 75.59377 75.88911 76.19727 76.50916 76.82114 77.13236 77.44342 77.75669 78.07664 78.73138 79.0649 79.41562 79.77628 80.12904 80.44714 80.69968 80.86895 81.00074 81.30782 81.47163 81.63803 81.80479 81.97148 82.14162 82.32314 82.52782 82.99291 83.2942 83.64922 84.05824 84.50598 84.96248 85.38094 85.73342 86.35085 86.79573 87.38301 88.12169 88.99625 89.98463 91.05772 92.17778 94.33124 95.45863 96.54639 97.62914 98.7684 100.0292 101.4615 103.0892 104.8917 107.647
73.56667 73.63795 73.83183 73.96782 74.12578 74.29984 74.48291 74.66608 74.83948 74.99815 75.11965 75.48109 75.79077 76.12547 76.46995 76.81358 77.15024 77.47696 77.79375 78.4502 78.74165 79.03586 79.34444 79.67267 80.01401 80.34766 80.64079 80.84934 81.00069 81.08386 81.22852 81.39681 81.57423 81.75577 81.93944 82.12498 82.73874 82.97522 83.24007 83.54659 83.90605 84.32309 84.78114 85.24733 85.96808 86.3197 86.75362 87.30813 87.99771 88.82524 89.78177 90.84724 91.98935 94.24088 95.4388 96.57027 97.63466 98.67032 99.74609 100.9392 102.3122 104.8447 106.733 108.8869
73.60231 73.8112 73.92018 74.05404 74.2083 74.37814 74.55731 74.73576 74.89363 75.13036 75.36205 75.66779 76.01878 76.39204 76.77019 77.14091 77.49658 78.20789 78.51939 78.80356 79.06799 79.32713 79.59831 79.89565 80.2138 80.52838 80.89027 81.00087 81.08417 81.19559 81.34464 81.51776 81.70481 81.90041 82.29904 82.52824 82.76231 83.00094 83.24852 83.5149 83.81427 84.57819 85.03935 85.70021 86.03903 86.55473 87.14809 87.84102 88.65089 89.58491 90.63852 92.8208 94.12283 95.41731 96.64818 97.77873 98.80982 99.78831 100.7949 101.922 104.3651 105.9906 107.9746 110.4004
73.77092 73.82004 73.90122 74.00842 74.1375 74.28537 74.44879 74.83466 74.99978 75.21695 75.51582 75.87769 76.27694 76.69087 77.10155 77.49613 78.26419 78.60641 78.90846 79.17191 79.40317 79.61535 79.82823 80.08536 80.51202 80.77383 80.99734 81.09535 81.19786 81.32719 81.48555 81.66672 81.8652 82.2881 82.53503 82.79121 83.05081 83.30869 83.56433 83.8242 84.10209 84.68047 85.05827 85.47488 85.96326 86.32288 86.88077 88.41034 89.34809 90.4018 92.57034 93.93695 95.3373 96.70787 97.98233 99.11573 100.1104 101.0291 103.3404 104.4039 105.7699 107.5274 109.7433 112.3257
73.86243 73.90955 73.99228 74.09616 74.21805 74.35681 74.57001 74.72606 74.87717 75.00555 75.3109 75.69067 76.5702 77.02608 77.87224 78.30385 78.69057 79.02926 79.31856 79.5584 79.75246 79.90923 80.04417 80.43275 80.64381 80.85255 81.00202 81.16096 81.30978 81.46788 81.64421 82.03758 82.27502 82.53389 82.8107 83.09827 83.38669 83.66541 83.92807 84.17686 84.81078 85.05737 85.33674 85.59357 85.99111 86.5127 87.21901 88.06827 89.735 90.93535 92.24202 93.65157 96.65233 98.12024 99.46112 100.6126 103.2245 104.0498 104.9521 106.0523 107.5536 109.544 111.9304 114.6223
73.95436 74.0081 74.08268 74.18241 74.36522 74.48615 74.62885 74.79762 74.99655 75.16562 75.49142 75.92053 76.40393 77.28969 77.82166 78.31348 78.75414 79.13972 79.74348 79.95959 80.1203 80.58253 80.66782 80.6851 80.81879 80.99819 81.1273 81.27975 81.44551 81.80107 82.0193 82.25894 82.52287 82.81197 83.12253 83.44521 83.76581 84.06783 84.77875 85.00154 85.21151 85.44858 85.71123 85.96735 86.07887 86.76031 88.24254 89.34154 90.54918 91.85994 93.27902 94.8046 96.41298 98.0528 99.64502 102.8345 104.1322 105.0502 106.8508 108.0544 109.7973 111.9595 114.4623 120.0592
74.03811 74.08973 74.16171 74.32655 74.42226 74.53674 74.66757 74.81847 74.99973 75.28195 75.69249 76.5128 77.12143 77.72079 78.28214 78.78617 79.22428 79.5975 79.91003 80.55061 80.71793 80.79543 80.86902 80.9972 81.00203 81.12784 81.26372 81.4223 81.77806 81.99715 82.23849 82.50367 82.79578 83.11633 83.46159 83.82066 84.59201 84.94372 85.22284 85.40169 85.56181 85.77057 85.98664 86.22975 86.56415 87.97264 89.01204 90.19174 91.48341 92.88101 94.39046 96.01311 97.73114 100.9275 102.8159 104.595 106.0529 106.9826 107.8416 109.0463 110.5184 112.4111 117.5802 123.0371
74.12506 74.25644 74.31472 74.39539 74.48741 74.59257 74.7132 74.85449 75.01065 75.66516 76.24757 76.89702 77.56104 78.19836 78.77762 79.27911 79.69705 80.04066 80.66113 80.85132 80.9968 81.00007 81.00162 81.10719 81.15079 81.18184 81.43324 81.57775 81.75994 82.21546 82.48051 82.7704 83.08852 83.43719 83.81339 84.57323 84.98199 85.35551 85.64345 85.7433 85.82 85.99001 86.04094 87.0768 87.84609 88.80583 89.92712 91.17651 92.53342 93.99384 95.56537 97.25419 100.3388 102.2649 104.2422 106.1548 107.6774 108.8914 110.0691 111.4851 115.8877 118.0777 120.5423 123.2331
74.3147 74.35162 74.40453 74.47456 74.56334 74.66405 74.79762 74.99393 75.40819 75.96492 76.62856 77.34143 78.05132 78.714 79.29562 79.77518 80.54765 80.76312 80.88698 80.99918 81.08934 81.11766 81.13972 81.2093 81.26823 81.46837 81.59047 81.75412 81.95753 82.19482 82.45944 82.74718 83.05774 83.70895 84.48119 84.89723 85.30069 85.66993 85.98795 85.99941 86.00798 86.66096 87.13565 87.82906 88.71703 89.77438 90.97215 92.28323 93.69096 95.19238 98.0856 99.78822 101.5915 103.4961 105.466 107.3881 109.1682 110.751 114.4932 116.4427 118.5632 120.9063 123.4747 126.2252
74.42177 74.45603 74.50325 74.56954 74.65138 74.73955 74.99387 75.22528 75.70174 76.34254 77.07552 77.83939 78.58014 79.25075 79.81519 80.67522 80.85324 80.99757 81.00024 81.00134 81.11431 81.19031 81.2449 81.42065 81.50463 81.61418 81.76145 81.95142 82.18174 82.44532 82.73401 83.36828 83.69627 84.0293 84.38184 84.76984 85.1666 85.51919 85.77658 85.99954 86.7281 87.23706 87.88683 88.71393 89.71243 90.86036 92.13068 93.49876 96.3006 97.84934 99.45497 101.1232 102.8659 104.7199 106.7008 108.7349 110.7326 114.5673 116.688 118.8617 121.1632 123.6413 126.3018 129.105
74.48766 74.53546 74.56851 74.6093 74.67302 74.99417 75.02664 75.46024 76.07097 76.79575 77.58215 78.3768 79.1265 80.26257 80.69102 80.99034 81.00143 81.08904 81.11365 81.13313 81.21098 81.40846 81.47306 81.54816 81.64667 81.78022 81.9569 82.17853 82.44012 82.73238 83.39673 83.7332 84.05759 84.36033 84.66597 85.02885 85.40918 85.7259 86.0114 86.29017 86.73871 87.29234 87.95932 88.75916 89.71086 92.04488 93.38527 96.19972 97.73894 99.31865 100.9294 102.5676 104.2343 106.017 107.9829 111.9633 114.2956 116.6031 118.8985 121.2337 123.6671 126.2403 128.9589 131.7871
