public/沉降量2015-2021（地形转栅格）/cjl2019.txt
ncols         346
nrows         239
xllcorner     104.24612109509
yllcorner     31.067832478695
cellsize      0.00084765149693467
NODATA_value  -9999
[rows 84 to 111 of 239, columns 64 to 127 of 346]
86.37686 86.56452 86.80988 87.09056 87.36382 87.64175 87.86258 87.99313 87.99957 87.84915 87.64478 87.41403 87.12907 86.56103 86.26475 85.96049 85.64677 85.32416 84.99438 84.66045 84.32741 83.94383 83.6456 83.3835 83.17053 83.00066 82.80986 82.6048 82.39088 82.09032 81.84908 81.6041 81.35482 81.09912 80.83297 80.55183 80.25198 79.79698 79.45777 79.11002 78.76103 78.41872 78.08231 77.74483 77.3868 76.96567 76.23878 75.55476 74.84293 74.09002 73.30585 72.50101 71.67909 70.83615 69.13638 66.53912 65.04375 63.47422 61.85765 60.21711 58.58658 57.05876 55.5817 53.21375
86.29336 86.50075 86.73544 87.04524 87.35771 87.6422 87.86661 87.9978 87.99896 87.81297 87.60741 87.37346 87.1015 86.80968 86.49711 86.20628 85.90044 85.58432 85.25981 84.52495 84.1961 83.87825 83.58179 83.32089 83.118 82.99355 82.78333 82.49223 82.25806 82.0128 81.76148 81.5068 81.24889 80.98561 80.71274 80.42548 79.98843 79.65999 79.31845 78.97144 78.62589 78.28897 77.95741 77.62323 77.0563 76.63443 76.00253 75.27478 74.49675 73.68214 72.83662 71.96027 71.05761 69.55543 68.38106 67.04149 65.58092 64.04375 62.46327 60.86118 59.25665 55.23319 53.734 52.29929
86.23283 86.43227 86.72337 87.04297 87.36189 87.64906 87.87256 88.00029 87.99967 87.84969 87.62627 87.36296 87.07472 86.76964 86.45514 86.1476 85.83472 85.43803 85.10973 84.77942 84.45009 84.12581 83.81229 83.51584 83.243 82.88341 82.64503 82.42932 82.19072 81.93795 81.67769 81.41386 81.14723 80.87558 80.47594 80.17236 79.85322 79.51894 79.17429 78.82674 78.48241 78.14428 77.80722 77.29285 76.92511 76.38641 75.7148 74.95358 74.1362 73.28072 72.39034 71.02212 70.00352 68.88786 67.57791 66.13374 64.60828 63.04423 61.46999 58.96676 57.46567 55.9029 54.35395 52.84867
86.1846 86.42894 86.72871 87.05489 87.37677 87.66281 87.88136 87.99992 87.97905 87.83448 87.61002 87.33852 87.03966 86.72528 86.40428 86.08453 85.68339 85.35394 85.02446 84.6963 84.37236 84.05679 83.75482 83.47266 83.20601 82.99986 82.80952 82.60576 82.37793 82.12912 81.86644 81.323 81.04699 80.65413 80.35378 80.04042 79.71278 79.37238 79.02426 78.67554 78.33147 77.82313 77.45817 77.05237 76.61192 76.05226 75.36545 74.5863 73.74937 72.42503 71.50203 70.54137 69.48306 68.17548 66.72852 65.19472 63.61969 62.04052 59.48974 58.00908 56.53469 55.01532 53.48962 51.99313
86.19647 86.44593 86.75136 87.08121 87.40303 87.68424 87.91032 87.9998 87.95778 87.80533 87.57553 87.29733 86.99081 86.66911 86.2655 85.93012 85.59547 85.26264 84.93289 84.60806 84.29134 83.98741 83.70157 83.4036 83.19234 83.0002 82.8008 82.57938 82.33467 82.07148 81.79649 81.43198 81.13767 80.84073 80.5381 80.22649 79.56583 79.21939 78.8679 78.35384 78.00591 77.65388 77.28761 76.89844 76.29553 75.68987 74.97559 74.17516 72.83791 71.90495 70.92781 69.90101 68.71666 67.32953 65.81175 64.22632 61.64706 60.06536 58.52978 57.09151 55.64576 54.16492 52.67017 51.19272
86.07076 86.48189 86.79038 87.12152 87.48954 87.75342 87.93291 87.99983 87.93408 87.76537 87.52521 87.23955 86.92686 86.51765 86.17952 85.83946 85.50066 85.16547 84.83601 84.51491 84.20575 83.83276 83.57713 83.35402 83.1665 83.00073 82.79408 82.55419 82.29108 81.94511 81.64583 81.34315 81.03866 80.73088 80.41669 80.09317 79.75821 79.41206 78.89285 78.53515 78.18231 77.82947 77.05377 76.61246 76.0011 75.32117 74.12648 73.25018 72.31852 71.33363 70.27586 69.15695 67.87482 66.42589 63.94299 62.32824 60.73211 59.18943 57.72588 56.28457 54.84601 53.39041 51.92735 49.86727
86.12914 86.28371 86.5347 86.90952 87.23773 87.54703 87.79959 88.00004 87.90445 87.71319 87.45951 87.07948 86.76006 86.42719 86.08662 85.74338 85.40154 85.06451 84.73544 84.31815 84.02048 83.74525 83.49749 83.28323 83.11232 82.99399 82.77187 82.51491 82.16473 81.8657 81.55832 81.24725 80.93355 80.61537 80.28954 79.95385 79.45129 79.08665 78.72079 78.35954 78.00363 77.65089 77.29128 76.91216 76.01912 75.32594 74.54065 73.68237 71.79308 70.77185 69.68715 68.43402 67.04449 64.68694 63.07684 61.46444 59.88925 58.37786 56.96001 55.54829 54.12963 52.0898 50.699 49.33674
86.20547 86.43325 86.67743 86.98301 87.30737 87.60935 87.84889 87.98898 87.99908 87.78275 87.55164 87.28096 86.66499 86.33286 85.99124 85.6456 85.30117 84.96248 84.53282 84.21938 83.92592 83.65646 83.4137 83.19717 83.00539 82.89053 82.62454 82.36713 82.07979 81.77512 81.46179 81.1441 80.82226 80.49422 80.02 79.66039 79.2915 78.91801 78.54588 78.1796 77.81549 77.44644 77.04715 76.29326 75.69101 74.97009 74.14813 73.24773 72.2838 71.26598 70.19084 68.44482 67.04166 65.51884 62.29498 60.69149 59.15041 57.7161 56.30122 54.89784 52.92601 51.54303 50.18352 48.8595
86.39082 86.52034 86.75919 87.06035 87.37879 87.6707 87.8923 87.9997 87.88013 87.68445 87.4464 87.17831 86.88484 86.57057 86.24052 85.89793 85.45866 85.10818 84.43558 84.1239 83.83508 83.57384 83.3455 83.15511 83.00001 82.79204 82.55151 82.27998 81.98508 81.67535 81.35744 81.03433 80.70535 80.23759 79.87922 79.50845 79.12989 78.74898 78.37283 78.00261 77.63467 77.04847 76.65925 76.08456 75.42017 74.65369 73.79251 72.85065 71.84137 70.78133 69.20538 67.91171 66.4556 64.88268 63.2508 61.61357 60.01476 58.48174 56.58949 53.80054 52.41074 51.04091 49.70579 48.41954
86.48864 86.60979 86.84276 87.13795 87.44823 87.72761 87.9587 87.99847 87.8026 87.58655 87.34832 87.0857 86.79623 86.48407 86.15581 85.72978 85.37306 85.01859 84.67313 84.34272 84.03267 83.74805 83.49341 83.19601 82.88989 82.70101 82.4582 82.1808 81.88126 81.5681 81.24684 80.79974 80.45798 80.10355 79.7352 79.35441 78.96765 78.58233 78.20604 77.83626 77.3577 76.99677 76.52615 75.9129 75.19549 74.38483 73.49071 72.51698 71.22199 70.08067 68.87135 67.50117 65.97842 64.35313 62.68816 61.04481 58.99354 57.58276 56.15444 54.73999 53.33041 51.93054 50.55993 49.23468
86.58473 86.6992 86.92597 87.21348 87.51315 87.8194 87.97854 87.9995 87.82956 87.5967 87.33466 87.05064 86.74522 86.36649 86.01535 85.65528 85.29237 84.9334 84.58521 84.2542 83.94601 83.5901 83.35359 83.15846 83.00005 82.83119 82.61556 82.3593 82.07467 81.77122 81.01291 80.67685 80.3288 79.96622 79.5883 79.19861 78.80482 78.41864 77.88596 77.54871 77.24036 76.94222 76.40778 75.7464 74.98868 74.15163 73.0287 72.07989 71.06822 69.95455 68.66203 67.20224 65.60504 63.9244 62.22112 60.14024 58.52765 57.12942 55.73193 54.31784 52.89305 51.47433 50.08601 48.25593
86.67924 86.78872 87.00888 87.36003 87.63 87.85591 87.99311 87.99941 87.84235 87.60596 87.32906 86.99879 86.66389 86.31342 85.95171 85.58327 85.21408 84.85068 84.5 84.16887 83.78235 83.51433 83.28651 83.10938 82.9936 82.77838 82.52968 82.2564 81.85007 81.54138 81.2213 80.89154 80.5509 80.19643 79.82576 79.04099 78.47745 78.08495 77.71524 77.36961 77.03732 76.72192 76.20731 75.54219 74.77104 73.68959 72.80348 71.879 70.90608 69.83572 68.48886 66.96065 65.30549 63.30304 61.55891 59.85774 58.24246 56.80323 55.38427 53.94596 52.49197 51.04308 49.18315 47.771
86.77583 86.97902 87.18291 87.43622 87.6877 87.88968 87.99978 87.97929 87.82951 87.59589 87.27818 86.95744 86.61395 86.25465 85.88477 85.50954 85.13506 84.76793 84.32918 83.99946 83.70074 83.43698 83.20674 83.0057 82.87883 82.67699 82.32635 82.03677 81.73579 81.42437 81.101 80.76753 80.42186 80.06107 79.68269 79.13768 78.72793 78.31996 77.92493 77.55562 77.22659 76.54726 75.99374 75.06257 74.27496 73.42784 72.54327 71.62131 70.65396 69.62588 68.26916 66.71931 64.79094 63.06599 61.34453 59.6751 58.08273 56.59004 55.11574 53.62806 51.80058 50.27074 48.78105 47.35049
87.06977 86.99554 87.08593 87.27908 87.51785 87.92374 87.99993 87.95438 87.75413 87.51352 87.22294 86.89814 86.5498 86.18526 85.81026 85.43056 84.96445 84.59364 84.24002 83.91266 83.62047 83.37112 83.16748 83.00002 82.82076 82.51215 82.2291 81.92986 81.62091 81.30395 80.97749 80.64032 80.2897 79.78311 79.39381 78.99001 78.57954 78.17319 77.77901 77.40039 77.03445 76.75652 76.13882 75.52394 74.80361 74.00498 73.15344 71.32059 70.30166 69.27226 67.69229 66.17874 64.53161 62.83042 61.14381 59.51978 57.96401 56.42447 54.65814 53.07389 51.49086 49.9237 48.39534 46.9343
87.21243 87.12301 87.20108 87.38164 87.60495 87.81558 87.96249 87.98904 87.87921 87.68997 87.44006 86.81885 86.46895 86.10265 85.72575 85.25007 84.87067 84.5 84.14678 83.8212 83.53366 83.29512 83.11521 82.87689 82.66785 82.40872 82.12128 81.81734 81.50343 81.18177 80.85149 80.51024 80.01841 79.64267 79.25109 78.84712 78.44006 78.04166 77.66471 77.31908 76.95681 76.50481 75.9472 75.28822 74.54173 73.73397 72.88503 72.0059 70.87486 69.92895 68.77951 67.42854 64.24895 62.55896 60.89665 59.31149 57.80336 55.97164 54.39046 52.79487 51.19397 49.60132 48.02632 46.48664
87.36665 87.25677 87.31997 87.48659 87.69295 87.93074 88.00024 87.95204 87.81135 87.60285 87.34369 87.0463 86.71996 86.26009 85.89929 85.52718 85.1494 84.40335 84.05107 83.72591 83.43852 83.19837 82.99205 82.79491 82.56165 82.29535 82.00554 81.69949 81.38268 81.05737 80.59335 80.24406 79.88139 79.50348 79.11153 78.70972 78.30748 77.91479 77.41064 77.03723 76.75034 76.30449 75.72556 75.04242 74.27824 73.46413 72.621 71.4881 70.60936 69.71055 68.52596 67.14268 65.5941 63.93503 62.23762 60.19581 58.56392 57.11982 54.08944 52.5126 50.91749 49.32474 47.74334 46.17699
87.51711 87.38636 87.43507 87.68012 87.84948 87.97589 87.99911 87.89513 87.71924 87.49248 87.22595 86.92802 86.47832 86.1398 85.78473 85.41797 85.04495 84.67208 84.30659 83.95721 83.54982 83.25967 83.00857 82.67656 82.44284 82.17544 81.88593 81.57904 81.13773 80.8056 80.46365 80.11101 79.74604 79.36775 78.97748 78.57973 78.18239 77.69376 77.33814 76.9994 76.60915 76.10905 75.49864 74.79517 74.01851 72.94304 72.08824 71.19924 70.26115 69.35071 68.19733 66.82065 65.27023 63.60577 61.59583 59.89978 58.26621 56.79736 55.32435 53.8042 52.24335 50.66098 48.82782 47.2667
87.64587 87.49992 87.62215 87.75674 87.90955 87.99944 87.94353 87.79753 87.59859 87.36151 86.95287 86.66187 86.34963 86.01733 85.66827 85.30731 84.93997 84.57277 84.12518 83.79305 83.49038 83.22516 82.99909 82.79684 82.57512 82.3306 82.05852 81.6594 81.01839 80.68208 80.3363 79.98087 79.61478 79.2379 78.85126 78.34876 77.96293 77.58641 77.23813 76.93818 76.46161 75.90932 75.2728 74.555 73.54622 72.71802 71.86644 70.98959 70.0633 69.07449 67.8891 66.50271 64.66472 63.03693 61.36747 59.70573 58.09541 56.59212 55.09731 53.56591 51.78251 50.16009 48.53786 46.93912
87.79971 87.64798 87.6821 87.81262 87.95008 87.99933 87.85658 87.67444 87.33616 87.09605 86.82372 86.53609 86.22847 85.90032 85.55562 85.19941 84.83748 84.38402 84.04014 83.71887 83.43362 83.19647 83.00058 82.77106 82.51545 82.16192 81.86206 81.555 81.23499 80.90358 80.56282 80.21344 79.8559 79.48997 78.62807 78.24864 77.86182 77.46002 77.04047 76.67327 76.22058 75.68452 74.86469 74.13966 73.34843 72.51608 71.66576 70.80901 69.91849 68.84636 67.30704 65.90388 64.39532 62.8156 61.2013 59.59103 58.012 56.48036 54.94941 53.26524 51.61592 49.93413 48.23429 46.5354
87.82634 87.67993 87.71742 87.84681 87.9753 87.99734 87.75122 87.56836 87.31012 87.02997 86.72598 86.43201 86.12466 85.79581 85.45187 85.00563 84.64864 84.29588 83.95608 83.6395 83.35927 83.1363 82.98911 82.73257 82.36624 82.07294 81.76831 81.45467 81.12962 80.79387 80.44919 80.09678 79.62761 79.26469 78.90002 78.53487 78.16801 77.79597 77.40582 76.97724 75.96872 75.39513 74.73706 73.99187 73.18013 72.3252 71.44576 70.56732 69.69979 68.23508 66.98226 65.60651 64.14179 62.62212 61.07479 59.52345 57.97927 56.42931 54.84523 53.21019 51.51957 49.78512 48.02292 46.25601
88.25157 87.82999 87.68982 87.73069 87.98114 87.99943 87.83804 87.59496 87.31224 87.00728 86.68951 86.3709 86.04525 85.70815 85.28286 84.92449 84.56653 84.2149 83.87714 83.56056 83.26931 83.0105 82.78167 82.54205 82.27815 81.98029 81.67391 81.35751 81.02905 80.68996 80.24182 79.88504 79.52452 79.16289 78.80302 78.44852 78.09875 77.75019 77.3896 76.99808 76.51981 75.97009 75.35237 74.65977 73.88971 72.15708 71.21555 70.06596 69.05888 67.93155 66.67798 65.32607 63.90699 62.44851 60.96881 59.47756 57.97504 56.45201 54.86679 53.21604 51.49901 49.72747 47.91994 46.09725
88.23712 87.82094 87.68581 87.72914 87.84834 87.96927 87.99949 87.85825 87.6171 87.32275 86.66659 86.32828 85.94155 85.58167 85.21909 84.85559 84.49515 84.14412 83.81097 83.50543 83.20703 83.00057 82.75538 82.48344 82.19424 81.88814 81.58128 81.26395 80.93318 80.49908 80.14777 79.78925 79.42715 79.06525 78.7075 78.35954 78.02432 77.61975 77.31996 76.99872 76.53322 75.96953 75.32742 74.61211 73.82616 72.97121 72.01532 71.036 69.99406 68.89432 67.70215 65.07779 63.69498 62.29158 60.78835 59.40709 57.98347 56.49023 54.91917 53.2677 51.53903 49.74357 47.92242 45.98277
88.2213 87.80811 87.66566 87.71114 87.83927 87.96249 87.9995 87.87009 87.63312 87.33336 87.00256 86.64397 86.27788 85.9091 85.53906 85.16853 84.43471 84.08205 83.75076 83.38764 83.14578 82.98665 82.71306 82.41843 82.11462 81.80457 81.4922 81.08385 80.75297 80.41116 80.05917 79.69902 79.33424 78.9698 78.61038 78.26242 77.82095 77.503 77.214 76.96378 76.50372 75.93918 75.29243 74.57159 73.74117 72.90432 72.00263 71.0296 69.96975 68.79659 67.5358 66.21588 64.69009 63.34866 62.02699 60.71117 59.37681 56.53455 54.98589 53.34311 51.61147 49.86342 47.95712 45.96318
88.20061 87.78711 87.65636 87.70221 87.83127 87.95705 87.9995 87.87759 87.64445 87.35045 87.00584 86.63981 86.26469 85.88672 85.5084 85.1309 84.75593 84.35275 83.98753 83.6369 83.30711 82.84151 82.60302 82.32529 82.02515 81.71724 81.3184 80.99877 80.66878 80.32751 79.97513 79.61348 79.24539 78.87653 78.41776 78.05769 77.70918 77.36657 77.02839 76.78952 76.39187 75.86027 75.13752 74.43616 73.6729 72.85559 71.97746 71.02202 69.95743 68.73048 67.40968 65.90895 64.54155 63.21441 61.92307 60.64585 59.35104 58.00282 56.57594 55.09259 53.46516 51.73122 49.90038 45.94279
88.19037 87.77635 87.64635 87.69336 87.8241 87.95264 87.99951 87.88741 87.66012 87.35748 87.01003 86.63899 86.25757 85.87315 85.48892 85.10635 84.71329 84.33795 83.9716 83.61993 83.29097 82.99837 82.75443 82.50053 82.14885 81.84514 81.54482 80.91726 80.58793 80.24722 79.89469 79.53177 79.08099 78.70491 78.33307 77.97334 77.63252 77.31035 77.00098 76.69957 76.28983 75.6474 75.01556 74.31537 73.56078 72.75829 71.90234 70.97366 69.9261 68.55836 67.17487 65.777 64.41414 63.10448 61.84052 60.5953 59.33168 58.01358 56.61626 55.10063 53.46374 51.71874 49.87943 47.94766
88.16949 87.75789 87.63141 87.68198 87.81622 87.94845 87.99951 87.89119 87.66603 87.36366 87.01469 86.64072 86.25555 85.86725 85.47903 85.09373 84.71312 84.33945 83.9754 83.62645 83.29916 82.9992 82.69507 82.39323 82.08922 81.78087 81.4725 81.15974 80.83936 80.50995 80.16959 79.74205 79.37824 78.62822 78.25601 77.89817 77.56749 77.27298 77.00019 76.56871 76.07838 75.50495 74.85876 74.15122 73.39465 72.59496 71.7485 70.59384 69.63247 68.3786 67.02061 65.64607 64.3056 63.01971 61.78139 60.56178 59.31691 58.01208 56.60285 55.06363 53.39703 51.62481 49.7698 47.84031
88.12711 87.72413 87.6066 87.66508 87.79224 87.93805 87.99951 87.89441 87.67068 87.36847 87.0188 86.64366 86.26073 85.87215 85.48506 85.10159 84.72311 84.3519 83.99052 83.64256 83.31212 82.99964 82.67825 82.35985 82.04253 81.72525 81.40845 81.08969 80.76601 80.36395 80.02189 79.66963 79.30664 78.93466 78.55757 78.18369 77.82158 77.3828 77.02734 76.4048 75.91391 75.32912 74.67024 73.95129 73.18305 72.36927 71.22029 70.24539 69.28357 68.12952 66.84909 65.5269 64.22279 62.96448 61.7446 60.55145 59.32183 58.0052 56.56476 54.98022 53.2607 51.43838 49.54921 47.2597
88.85138 88.0537 87.5903 87.60781 87.77498 87.93153 87.9995 87.89661 87.67307 87.3706 87.02098 86.64703 86.2646 85.8795 85.49571 85.11533 84.73972 84.37053 84.01029 83.67901 83.33577 82.99972 82.66543 82.33384 82.00461 81.67744 81.35185 80.96928 80.63512 80.29749 79.9534 79.60106 79.23954 78.87044 78.49624 78.12183 77.71902 77.35739 76.9997 76.66308 76.25009 75.73955 75.13839 74.46618 72.75131 71.92015 71.02417 70.05462 69.03953 67.94547 66.724 65.44968 64.18 62.96523 61.76945 60.57379 59.33363 57.99387 56.50801 54.86185 53.06967 50.87803 48.83727 46.80347
