public/沉降量2015-2021（地形转栅格）/cjl2021.txt
ncols         346
nrows         239
xllcorner     104.24612109509
yllcorner     31.067832478695
cellsize      0.00084765149693467
NODATA_value  -9999
[rows 168 to 195 of 239, columns 128 to 191 of 346]
117.3536 116.7093 116.0868 115.5109 115.003 114.5774 114.5578 114.3302 114.1902 114.1353 114.1637 114.2755 114.4718 114.752 115.4865 115.9094 116.8496 117.2873 117.6127 117.7241 118.0087 118.7558 119.7266 121.7246 123.1551 124.6317 126.0842 127.4906 128.901 129.9465 131.1761 133.6241 135.2175 136.8562 138.1129 139.6687 141.2818 142.7929 144.0222 145.3164 147.8798 148.4944 149.012 149.5393 150.3037 151.3014 152.3883 153.3327 154.8183 155.585 156.229 156.8431 157.626 158.8292 160.4751 162.4752 167.1062 172.4305 175.0107 177.9738 181.5259 186.1772 191.966 198.2645
117.4253 116.8623 116.2947 115.757 115.5518 115.1688 114.8693 114.6566 114.5299 114.4867 114.5249 114.6441 114.8453 115.4741 115.8251 116.2392 116.6973 117.1712 117.624 117.9971 118.0026 119.0213 121.2145 122.6065 124.0914 125.5738 126.9368 128.0766 129.1044 130.5702 133.0593 134.558 135.8989 137.1723 138.9236 140.6659 142.2948 143.8738 145.816 147.5114 148.9283 149.0138 149.5303 150.2343 151.0885 152.0598 153.1295 154.897 155.9582 156.997 157.9516 158.8993 160.0024 161.4241 163.2069 168.7415 171.2017 173.6758 176.1766 178.6217 181.4961 184.7311 195.5561 205.5811
117.5927 117.0703 116.5233 116.263 115.8258 115.4602 115.1753 114.9753 114.8599 114.8264 114.8719 115.3252 115.5209 115.7875 116.1217 116.515 116.9485 117.3865 117.7663 118.0025 118.8692 119.6914 120.7789 122.0799 123.5293 125.0542 126.5653 129.0029 131.1667 132.6129 134.169 135.7089 137.0125 138.4183 140.1285 141.7583 143.0408 144.9357 146.4406 147.9258 148.9979 149.4998 150.1734 151.0189 151.9159 153.2451 154.139 155.7642 157.338 158.7437 160.0177 161.2855 162.7071 167.7779 170.1682 172.8509 175.6553 178.3102 181.0247 183.3571 186.3682 189.8934 200.0917 204.8985
117.9897 117.4228 116.9529 116.507 116.0966 115.7467 115.4733 115.2832 115.1769 115.151 115.5108 115.6329 115.8197 116.0695 116.3801 116.7466 117.1562 117.5831 118.0063 118.6174 119.4125 120.411 121.6089 122.9699 124.4413 125.9645 128.0771 129.1044 130.5787 132.0888 133.6351 135.2058 136.8483 139.7288 141.4399 143.9087 144.0823 145.4401 147.0023 148.3027 149.0218 149.8434 150.7684 152.5775 153.876 154.1374 155.5109 157.3958 159.2369 160.8833 162.401 163.9538 168.9802 171.521 174.4067 177.6564 181.0347 183.882 186.8823 189.5457 199.2196 202.1612 205.7395 209.8663
118.0133 117.6136 117.1981 116.7704 116.3699 116.0271 115.7601 115.5766 115.7565 115.7424 115.7994 115.9193 116.0964 116.3272 116.6104 116.9455 117.5172 117.9939 118.3956 119.1118 120.0597 121.1913 122.4729 123.8624 125.307 127.5208 128.9046 129.983 131.464 133.0669 134.5992 135.9265 137.1679 139.9247 141.6164 143.1156 144.0454 144.9037 147.756 148.9586 149.5148 150.2867 151.6694 152.9449 154.1657 155.6841 157.6344 159.7297 161.6728 163.4031 167.8991 169.8869 172.4572 175.6488 179.1729 183.1982 187.3805 190.9294 194.0154 204.1786 206.1332 208.3176 211.0997 214.4854
119.3188 118.4368 117.9922 117.4973 116.6375 116.2942 116.2762 116.1016 116.0126 116.0057 116.0681 116.1885 116.3589 116.5735 116.8304 117.3244 117.6322 118.0104 118.7482 119.6848 120.7891 122.0303 123.3712 125.6824 126.9741 128.0773 129.1103 130.6639 132.3834 134.1293 135.7384 137.0023 139.4064 140.9247 142.4602 143.9131 144.8285 145.8739 147.1563 148.3539 149.0242 149.9763 151.0765 152.2056 155.7047 158.0039 160.4212 162.661 164.575 169.3082 170.8458 172.9608 176.0319 180.1585 184.6 189.8796 194.868 207.4101 210.1304 211.7074 212.8102 214.041 215.8945 218.5698
119.7273 118.7243 118.009 117.6787 117.2754 117.0873 116.7494 116.496 116.3278 116.2476 116.3192 116.4452 116.6167 117.0995 117.3513 117.6277 117.9995 118.5193 119.3513 120.4032 121.6118 122.9285 125.2636 126.6496 127.9574 129.0008 130.1189 131.6484 133.3847 135.1667 137.1397 138.7587 140.3344 141.818 143.0567 144.0898 145.4127 146.6837 148.3718 149.0145 149.6309 150.755 152.021 152.9643 154.7128 157.7846 160.965 167.8697 170.069 172.5473 173.8287 175.9828 179.4966 184.5986 190.9161 205.2973 211.252 215.5861 217.7911 218.6469 218.9377 219.2551 220.1513 222.2111
120.1743 119.1204 118.3766 118 117.5901 117.2325 116.9264 116.6902 116.5316 116.4459 116.4705 116.5544 116.9222 117.1264 117.384 118.0006 118.4779 119.1536 120.0852 121.2233 123.4264 124.809 126.1807 127.5288 128.9055 129.9395 131.1647 132.669 135.2296 136.859 138.1059 139.6879 141.3342 142.8614 144.0022 145.0525 146.2792 148.2725 148.9955 149.5724 150.4254 151.8233 153.5923 154.6159 157.3741 165.1901 169.2255 172.413 174.3456 175.3012 175.8753 176.8583 179.1233 183.2799 195.6361 212.6307 218.1765 221.798 223.6543 224.2752 224.3051 224.3155 229.0282 229.8043
120.6144 119.4756 118.7886 118.008 117.7047 117.3847 117.0939 116.8691 116.7193 116.6385 116.8697 116.9705 117.1263 117.3422 117.627 117.9965 118.3805 118.9871 120.4788 121.6554 124.3541 125.7379 127.0169 128.1002 129.1016 130.5648 132.0711 134.5822 135.9154 137.1526 138.8483 140.5899 142.2714 143.8776 144.961 146.8382 147.9768 148.9709 149.4737 150.0692 151.0608 152.5789 154.4867 157.2083 164.8733 169.5538 173.8188 177.0445 178.5577 178.9874 179.1175 179.9097 186.6589 192.8578 201.3144 210.2967 217.9281 223.1261 226.4037 228.1215 228.7895 232.4214 232.6267 233.1403
121.5194 120.2295 119.1449 118.3657 117.9961 117.5751 117.2579 117.0369 117.0655 117.0024 117.0535 117.1497 117.3001 117.5053 117.751 118.0059 118.6445 120.0205 121.1619 122.4458 123.833 125.2721 126.6921 127.9863 129.0033 131.1393 134.1819 135.7305 137.0037 138.3187 139.9445 141.5705 142.9539 144.116 146.4312 147.5816 148.4391 149.0107 149.646 150.4531 151.7441 153.7769 158.9016 163.6672 168.7169 173.5858 177.8089 180.942 181.8761 181.9137 181.9114 185.6441 190.2806 197.261 205.9657 214.8804 221.7313 226.5714 229.6865 233.7158 234.6829 235.1123 235.3271 235.5737
122.0079 120.6606 119.4909 118.5847 118 117.6399 117.3765 117.3399 117.2342 117.1748 117.2237 117.3121 117.4597 117.6793 117.9972 118.6303 119.5226 120.6197 121.8692 123.2289 124.6588 126.1166 127.5545 128.9139 130.5381 132.0448 133.6131 135.2098 136.8519 138.1208 139.5517 142.7621 145.011 146.1678 147.3579 148.3663 148.9952 149.373 149.9527 150.9124 153.7621 157.059 161.7364 167.0127 172.2327 176.8244 180.2606 182.0786 182.7681 182.4492 183.7095 186.8405 192.3386 199.9216 208.7594 217.4146 224.0039 229.816 233.0892 235.1766 236.4151 237.1165 237.5483 237.9141
122.5216 121.1151 119.8447 118.7847 118.007 117.9976 117.6856 117.4934 117.3888 117.3351 117.3927 117.4872 117.5937 117.7731 118.3337 119.0687 120.0844 121.2861 122.61 124.0068 125.4303 126.829 128.9092 129.953 131.4032 133.0017 134.5627 135.9203 137.1562 138.8562 141.4859 142.987 144.1127 145.5806 146.9313 148.1044 148.984 149.7017 150.3757 152.4424 154.9489 159.3463 164.6927 170.2594 175.3562 179.3766 181.8651 181.2541 180.3265 180.3397 182.1135 186.1374 192.4952 200.7019 209.7886 218.3813 225.1261 230.1 233.5961 235.9614 237.5079 238.5082 239.1893 239.7241
124.5559 123.0749 120.2748 119.1425 118.558 117.9998 117.762 117.6336 117.5338 117.4824 117.5558 117.6621 117.9991 118.0054 118.6455 119.5917 120.7417 122.028 123.398 124.8025 126.9473 128.0681 129.1082 130.634 132.314 134.0447 135.6958 137.0003 138.2784 140.9211 142.4193 143.8961 144.9536 146.2879 147.5753 148.5587 149.0012 149.5319 150.3414 151.6347 153.7553 157.1059 167.7254 173.3151 177.9914 181.0424 180.9826 178.6671 176.7457 176.5104 178.7109 183.5744 190.8524 199.835 208.0571 217.5041 224.5561 229.7561 233.5316 236.2197 238.1017 239.4171 240.3636 242.1192
125.1655 123.6691 122.7572 121.2611 119.9003 118.7729 118.0064 117.999 117.6787 117.6171 117.848 117.9994 118.0035 118.406 119.2213 120.2933 121.5259 122.8584 124.2455 126.5508 127.9053 129.0031 130.1595 131.6702 133.3454 135.0753 136.831 138.898 140.4657 141.8833 143.0691 144.0905 145.486 146.8942 148.1302 148.9868 149.3087 149.9088 150.9069 152.4843 154.8436 159.177 164.6928 170.619 178.3379 181.5382 181.896 178.7192 171.475 170.9626 173.6328 179.4136 183.6448 194.6556 205.9081 216.036 223.3896 228.9044 233.0396 236.1004 238.3391 240.3115 241.7694 242.8916
126.4375 124.9534 123.3958 121.8497 120.4124 119.1961 118.3394 118.0008 117.8729 117.9054 117.8635 118.0001 118.2358 119.1209 120.0395 121.1732 122.4349 124.7295 126.0482 127.4146 128.8841 130.0392 131.344 132.8391 134.3962 135.8373 138.4481 140.0917 141.6128 142.9672 143.9945 144.9642 146.2126 147.4828 148.9811 149.3697 149.7602 150.4372 151.6355 153.6899 156.6536 161.3842 169.3393 175.3339 180.0157 182.128 180.5846 175.0012 168.7996 164.5298 163.8667 160.1243 168.4384 191.3538 203.3445 213.9987 221.734 227.716 232.3091 235.4865 238.3811 240.5625 242.2192 243.4968
127.0455 125.6197 124.0697 122.4958 121.004 119.7119 118.7459 118.3807 118 117.9998 118.0004 118.2567 118.6631 119.2098 119.9956 121.0118 123.2848 124.5104 125.7171 128.0088 129.1562 130.851 132.4937 134.0643 136.8389 138.2497 139.8256 141.3989 142.6895 143.9316 144.784 145.7498 147.4191 148.4424 149.0162 149.6332 150.2018 150.9411 152.1199 154.1499 157.9267 164.6233 170.9547 176.8882 181.0604 181.8878 177.6779 169.8525 161.626 147.1241 147.3506 153.449 163.4716 175.6885 188.6395 201.0445 211.775 220.0057 226.1622 235.4547 238.5133 240.8405 242.6236 244.0061
127.7043 126.3021 124.7648 123.1729 121.6312 120.8218 119.5808 118.62 118.0047 118.0568 118.2608 118.6661 119.2504 120.0096 121.9863 123.199 124.4425 125.6337 126.7595 127.9178 129.0153 130.3776 133.5707 135.207 137.1964 139.1305 141.0528 142.625 143.3483 144.0399 145.1198 146.6735 147.8564 148.9725 149.5224 150.1245 150.7772 151.5909 152.7842 155.9035 159.9836 165.6247 171.979 177.8276 181.574 181.2948 174.728 164.4629 147.3433 138.7449 140.6143 148.8998 160.6729 174.0493 187.6285 200.247 212.1089 220.1812 226.7327 231.858 235.8175 238.8657 241.2169 243.0414
128.1862 126.9426 125.4556 123.8594 122.939 121.4534 120.1735 119.1814 118.5779 118.5101 118.7538 119.2518 120.7886 121.8204 123.0282 124.332 125.6149 126.747 127.705 128.9089 130.1251 132.8965 134.9277 136.7459 137.1149 138.4197 140.3144 142.2611 143.8731 144.6104 146.0368 146.9813 148.0076 149.0016 149.8182 150.613 151.4186 152.3844 154.0349 156.3266 160.3243 165.8732 172.2184 178.0742 181.6519 180.7145 172.2747 159.2224 144.8616 134.0683 138.6255 148.7617 161.5539 175.4105 193.2051 205.0963 215.0576 222.4051 228.2522 232.8999 236.5651 239.4447 241.7086 243.9799
128.9294 127.6362 126.7581 125.1686 123.5821 122.1195 120.8687 119.9121 119.3358 119.2064 119.4415 120.8037 121.6513 122.7474 124.0323 125.4145 126.7495 127.8062 128.2829 130.1709 132.0034 134.0009 135.7675 137.1344 138.3578 139.841 141.5046 143.0166 144.7767 145.3525 145.8965 146.5235 147.2649 148.1084 148.9954 150.053 152.6824 153.3732 154.0473 156.0757 159.7757 165.1314 171.4869 177.5471 180.8098 181.2663 174.3365 163.0206 151.0793 143.4091 146.0783 154.9172 166.9059 187.4949 199.3187 209.9352 218.5741 225.0957 230.2113 234.2929 237.562 240.987 242.8991 244.4703
130.4668 128.9185 127.3383 125.7091 124.1655 122.7759 121.6019 120.7113 120.1717 120.9025 121.1163 121.6633 122.5116 123.6194 124.9276 126.3479 127.7495 129.0517 129.9971 131.4444 133.341 135.3519 137.0114 138.4749 139.9111 141.3748 143.9831 144.9175 145.6296 146.1671 146.6042 147.0628 147.6257 148.343 149.8309 151.215 152.5515 153.5061 153.9945 154.0139 155.1837 163.2195 169.6051 173.5287 179.4236 181.844 177.6741 169.3948 160.8801 156.022 157.9161 176.9728 185.9933 196.2743 206.5304 215.5151 222.4974 227.955 232.2963 235.8014 239.7156 241.7748 243.4969 244.94
131.8259 130.3344 129.0073 127.5273 126.043 124.6485 123.3964 122.3713 121.932 121.8073 122.011 122.5315 123.3419 124.4051 125.6631 127.0107 128.9263 129.8923 131.1493 132.7583 134.6618 136.7386 138.3757 139.9747 142.8493 143.928 144.813 145.7096 146.4745 147.0296 147.3669 147.6876 148.1367 149.1084 150.5182 152.1123 153.4247 154.1239 154.0027 153.1385 153.2451 151.3272 155.4221 162.0167 169.8294 176.8652 181.0572 175.9083 170.8866 168.5526 182.6548 188.5293 196.4072 205.0651 213.5843 220.5403 226.1315 230.6209 235.9521 238.5096 240.6631 242.4888 244.043 245.3683
132.204 130.5298 128.9974 127.5844 126.2864 125.0894 124.6672 123.8626 123.2325 122.8389 122.7299 122.9226 124.1476 125.1251 126.8576 128.0504 129.1189 130.6726 132.3053 133.9782 135.6223 137.2658 139.395 142.6316 143.9155 144.0992 145.264 146.3955 147.3279 147.9669 148.186 149.0333 149.6973 150.3721 151.7084 153.1537 154.2048 154.4591 153.6174 151.3078 145.7865 146.15 149.8788 156.8378 165.687 173.9938 179.7439 181.9281 185.2695 186.772 188.9853 192.9167 205.7377 212.652 219.1419 224.6422 231.5554 234.6825 237.3174 239.5512 241.4599 243.1015 244.5189 245.7445
132.5184 130.6912 128.9854 127.6791 127.1139 126.2518 125.4319 124.7079 124.1294 123.7639 123.6686 123.8575 124.3013 125.8425 126.5827 127.4989 128.8747 130.2305 133.7035 135.3703 136.8353 139.8819 142.1972 143.9548 144.9262 145.3296 146.2208 147.2644 148.2363 149.6528 149.9045 150.1684 150.8339 151.7247 152.9256 154.0571 154.602 153.9887 149.1355 144.4671 141.0143 140.6446 144.1017 151.7269 162.1997 172.0264 180.4143 185.7729 189.7092 192.9991 196.5704 201.1302 206.8741 213.3111 218.6341 226.4191 230.0911 233.2852 238.3641 240.3718 242.1051 243.6104 244.9226 246.347
133.0772 131.1179 129.1475 128.9989 127.9891 127.1205 126.3151 125.6283 125.0632 124.7 124.6198 125.8516 126.3318 126.8508 127.4957 128.0596 129.3141 131.4921 133.4607 136.9588 138.3771 139.6914 141.8765 145.2364 146.032 146.5309 147.2579 148.1472 149.7744 150.3961 150.8174 151.2645 151.9584 152.8654 153.8807 154.6368 154.0393 151.4045 146.6597 141.2792 136.9825 136.1879 139.4456 147.9137 160.6701 174.0901 182.6306 188.9687 193.9546 198.2513 202.4902 207.145 212.347 220.0571 224.3419 228.1841 231.5554 234.4768 236.9893 239.1475 241.0083 242.6223 244.3863 246.5925
134.1636 133.7838 131.8443 130.1376 128.9277 128.0702 127.2516 126.6126 126.0233 126.4986 126.4682 126.9152 127.5506 128.0236 128.8687 129.2922 131.1888 133.6322 137.1694 138.5663 139.9618 141.5464 143.6597 145.2335 146.3549 147.0659 148.3466 149.0009 149.8114 151.1865 151.6717 152.1782 152.8444 153.6603 154.4581 154.8693 153.8335 150.3139 145.2039 139.8202 135.8067 134.8728 138.5676 149.606 164.3479 176.2195 185.2412 192.2266 197.847 202.6322 207.0339 211.3923 218.3318 222.0141 225.8199 229.3845 232.5597 235.3227 237.703 239.7499 241.9523 243.4225 244.7043 245.8279
136.848 135.3575 133.3457 131.1511 129.2522 128.9334 128.1572 127.6754 127.9966 127.2831 127.2747 127.977 128.8927 129.1321 130.2007 131.385 135.2122 137.21 138.7483 140.1258 141.3283 142.6881 144.2617 146.1228 147.2979 148.968 149.0424 149.8062 150.6704 151.4245 151.9886 152.4269 152.8691 153.7026 154.5533 154.61 153.5654 149.8187 144.8365 139.7914 136.0934 138.3368 143.2166 153.477 167.7113 179.1648 188.2596 195.5325 201.4429 206.3595 213.5215 216.6946 219.6944 223.2944 226.9176 230.3088 233.3459 235.9984 238.8395 240.7341 242.3661 243.7784 245.0078 246.0847
138.1376 136.926 135.0694 132.8156 130.9586 130.032 130.8361 130.0812 128.9937 128.0301 128.0295 128.9908 130.0711 130.8541 131.9989 135.3181 137.0838 139.0173 140.5669 141.8634 142.7471 144.0393 145.7236 148.8431 149.0312 149.6368 150.0773 150.8229 151.6478 152.34 152.7736 153.5915 153.6848 153.8133 153.9852 154.136 154.005 152.8249 149.7526 145.6052 143.4154 144.6872 150.1973 160.0361 172.48 182.9578 191.7135 198.9486 208.2309 212.7904 216.163 218.6584 221.3318 224.5929 227.9792 231.1926 234.0929 237.3254 239.4239 241.2326 242.7916 244.1402 245.3139 246.3423
140.4612 139.4363 138.2033 136.6603 134.4987 134.0596 132.9351 131.8481 130.5612 129.2467 129.2439 130.5421 131.8004 135.2118 136.6078 137.4672 139.3766 141.2733 142.5392 143.7867 144.198 146.942 148.0833 149.0328 149.692 150.3947 151.0563 151.826 152.6177 153.2493 154.0005 153.9999 154.0001 154.0006 154.0016 154.0044 153.9955 152.9644 152.6233 150.8152 149.4308 149.4597 151.9673 157.8121 166.845 187.1478 195.4662 206.0823 211.4655 215.6819 218.4606 219.8454 222.6852 225.8928 229.1176 233.2705 235.8345 238.0998 240.0713 241.7751 243.2466 244.5215 245.6328 246.6083
