public/沉降量2015-2021（地形转栅格）/cjl2021.txt
ncols         346
nrows         239
xllcorner     104.24612109509
yllcorner     31.067832478695
cellsize      0.00084765149693467
NODATA_value  -9999
[rows 28 to 55 of 239, columns 128 to 191 of 346]
6.603696 4.936648 4.14518 3.268052 2.427374 4.31812 4.516268 5.712656 7.886962 10.67682 13.52083 15.96285 17.94906 21.52896 24.79827 30.51039 40.16053 55.3534 77.52939 106.2729 135.18 163.1364 175.9103 177.3058 172.0159 163.7683 155.8757 151.5069 149.4987 148.8554 148.9647 148.9997 148.5112 147.6394 146.5297 145.294 144.0026 142.7159 141.3211 139.9437 138.6616 137.6092 136.9603 134.904 133.8544 132.8175 131.8271 130.0664 129.6407 128.9498 127.9919 126.7423 125.4752 124.3366 123.242 119.8676 118.4023 117.2949 115.1012 112.7831 110.7128 108.7094 106.826 104.926
10.87325 9.211493 7.94169 10.4776 9.082824 7.941763 7.245376 8.229912 10.10142 12.56692 15.13824 19.28643 21.44389 24.02795 27.95539 34.49593 45.12483 61.50887 85.66483 113.8844 148.9608 167.913 176.8825 176.7845 171.0315 162.9556 155.5159 151.3919 149.4879 148.9759 149.0112 148.9998 148.444 147.528 146.4232 145.2389 144.0044 142.6766 141.2127 139.7392 138.3304 137.0475 136.2632 135.1891 134.0035 131.8026 130.714 129.7947 129.0502 127.8404 126.4603 124.9361 123.4708 122.2009 118.3857 117.4535 115.6768 113.8877 111.573 109.179 107.0424 105.0455 100.5159 98.96185
16.83327 21.17072 18.07939 15.64429 13.65248 12.07504 11.038 10.73346 11.31472 12.75872 18.01374 20.00345 22.24663 28.20924 33.23621 41.12631 53.34686 71.70546 110.8176 135.8831 157.6201 172.7477 177.8869 175.7769 169.3982 161.6189 154.9471 150.9081 149.4593 149.041 149.0592 148.9962 148.2857 147.2851 146.1807 144.7345 143.9481 142.5439 141.0164 139.532 138.1856 137.0038 135.7834 133.588 132.0573 130.7939 129.7964 129.0371 128.1926 127.3355 125.9842 124.4045 120.2658 118.46 117.4918 114.249 112.2974 110.1815 107.7743 105.3995 100.4915 98.8403 97.59181 96.28897
37.12577 31.31394 26.75231 23.14542 20.20844 17.89099 16.27531 15.45202 21.65923 21.98307 23.07792 24.82178 27.23925 30.49696 34.99457 41.50367 51.15041 81.80698 103.4501 148.7251 166.1713 176.6593 178.0322 173.8966 166.9288 156.8406 152.7482 150.4307 149.3781 149.0701 149 148.7015 147.9078 146.2736 145.1169 144.0461 143.3031 142.0507 140.5806 139.1375 137.8735 136.898 134.3325 132.5616 130.9893 129.8403 129.0392 128.8227 127.2317 125.5367 121.2969 119.7889 117.9651 116.063 114.5131 112.6827 110.7661 108.6856 106.5347 101.0548 99.01024 96.11665 94.89098 93.76312
53.82504 45.82814 39.27109 34.06186 29.74206 26.30405 23.83187 32.32262 30.8706 30.55522 31.16161 32.68382 35.40866 39.56389 45.45668 70.76816 84.73158 102.7414 123.2566 143.693 161.2792 173.3069 178.0262 173.0834 160.0483 154.8306 151.7464 150.0585 149.3384 149.1277 148.9994 148.4335 146.9418 145.6694 144.6716 143.9999 142.9176 141.4834 139.9609 138.5037 136.8882 135.2455 133.3692 131.501 129.9351 129.0401 128.2189 127.2508 125.4233 121.1316 118.7896 117.606 115.5652 113.4041 111.4075 109.3724 107.2489 101.7099 100.3606 98.32722 96.43863 94.9324 93.63406 92.51035
77.23318 66.15356 56.97663 49.71078 43.49786 55.99817 50.91284 46.97093 44.45792 43.50231 43.64092 44.94279 48.09775 73.26595 82.34439 94.46179 109.0392 125.8075 143.3147 159.5042 171.873 177.413 174.3872 168.3977 161.842 156.3638 153.317 151.0197 149.7807 149.318 148.961 147.7759 146.3002 144.8984 144.0329 143.8952 142.4105 140.7257 139.1965 137.0798 135.978 134.2836 132.3807 130.5661 129.0964 128.8911 127.3949 123.7147 121.2975 119.4774 117.5204 115.3224 112.8844 110.4608 108.2224 103.1138 100.9712 98.8943 97.30161 95.57082 93.96521 92.61084 91.51831 90.54652
104.5298 92.60851 81.5829 99.32024 89.68172 81.05954 73.46545 67.66167 63.84715 62.24152 61.99786 63.19261 94.22372 100.9447 109.9922 121.2713 134.0536 147.6367 160.6603 171.5376 177.5881 174.6354 169.1531 162.7539 157.0096 153.4313 151.4636 150.1316 149.4024 148.9659 148.4973 148.0133 146.9148 145.5132 144.0844 143.3016 141.2064 138.2393 137.0822 136.8157 135.1844 133.2676 131.4379 129.9639 128.949 126.6037 124.4485 121.7808 118.9619 117.4407 115.0854 112.4769 109.8391 107.2801 101.6959 100.2927 98.15862 96.13419 94.50081 93.01723 91.75014 90.63782 88.93997 88.27835
131.7739 120.7666 137.2737 127.8929 118.7938 110.1979 102.3321 95.79434 90.88044 87.74123 117.6701 119.8152 123.9926 129.9838 137.5784 146.3918 155.6637 164.641 172.047 175.0267 172.9871 168.5738 162.86 157.3593 153.6084 151.3645 150.183 149.2425 148.9629 147.8724 147.4549 146.8727 145.9599 144.9142 143.9259 141.6766 140.301 138.7527 137.1324 136.1521 135.3459 133.7606 130.2793 129.0938 127.127 125.1679 122.8101 120.134 117.4198 114.7794 111.956 109.1663 103.3574 101.0278 98.88295 97.1755 95.23612 93.41222 92.01123 90.8157 89.99879 88.23152 87.85881 87.3557
173.5085 170.2372 165.332 159.3031 152.4581 145.3604 131.5262 125.5846 120.9714 145.9757 145.6886 147.3156 150.5445 154.985 160.136 165.386 169.9843 173.415 171.9805 169.7182 166.3595 161.8162 157.0742 153.7305 151.4292 149.5223 149.2853 149.0028 148.4735 147.4372 146.6193 145.8318 144.9564 144.0677 141.9248 140.4572 139.2522 138.0379 136.8943 135.4055 133.9352 132.2088 129.182 127.9612 126.8893 125.1348 123.0748 120.5929 114.5974 111.4507 108.3604 101.9125 100.3467 98.23938 96.21925 94.41659 92.61832 90.98846 90.04549 88.21878 87.80421 87.25731 86.81622 86.37738
175.3205 174.9875 173.5631 171.3372 168.6764 164.7445 160.2089 169.3147 168.1934 166.7424 165.6731 166.6804 168.7489 171.306 173.4997 173.578 171.3353 168.5484 165.4954 162.5997 159.5272 155.9889 153.2227 151.325 149.4944 149.2749 149.2707 148.9839 148.0537 146.882 145.8229 144.9024 142.9391 141.6455 139.7953 138.757 138.0591 137.0959 135.9233 134.2811 132.4917 129.2378 128.4841 126.5108 124.5029 122.356 120.2676 117.5924 114.364 107.2326 104.1629 101.2469 98.93159 97.27485 93.78755 92.17949 90.66724 88.95586 88.18069 87.37994 86.77611 86.23477 85.78419 85.38963
170.9921 172.548 173.5511 173.9456 173.7705 172.374 172.7047 172.7941 172.8709 172.5851 172.2791 172.3622 172.9944 174.0017 170.8258 169.906 167.7408 161.3883 158.0902 155.8537 154.1664 152.362 149.7727 149.37 149.2205 149.0029 148.9809 148.3318 147.2969 146.0873 144.9625 143.7366 141.8468 139.7006 137.4896 137.026 136.9777 136.6247 134.7941 130.8962 129.0462 127.3789 126.0347 123.9163 121.4266 118.8617 116.8182 109.4855 106.1933 103.6147 101.0068 98.47427 96.34067 94.66696 93.17628 91.76225 89.0966 88.92005 88.10838 87.2109 85.70442 85.16569 84.74171 84.40515
163.6002 165.8927 168.2181 170.0997 165.0802 167.0382 168.4246 169.3148 169.8723 170.0778 170.1271 170.255 163.5313 163.5514 163.2389 162.2515 160.2932 157.4439 155.1453 153.2886 152.0075 149.7883 149.5735 149.0029 148.9818 148.4767 147.9692 147.1796 146.242 144.0179 142.9923 142.0704 140.3423 138.4658 136.8982 135.8553 135.1685 131.4739 129.6146 128.5682 126.7519 124.9091 123.1863 120.9045 118.1487 115.3671 108.944 105.736 102.5096 100.7295 98.47231 96.15831 94.11755 92.49913 89.91013 88.98951 88.08063 87.55933 86.79793 85.9518 85.16632 84.52609 84.03632 82.6002
156.3544 158.2303 154.7754 156.0713 157.7144 159.9579 161.4932 162.418 162.9583 163.2231 163.3386 155.9333 155.955 155.9364 155.7688 155.2972 154.3714 152.9261 151.6296 149.5136 149.3065 149.3069 149.3157 148.9894 148.4074 148.0032 147.3823 145.1533 144.1365 142.8343 141.6212 140.3158 138.7093 137.1802 135.7522 134.3866 130.9931 129.0585 127.2189 125.8145 124.0226 122.0148 120.2501 117.8378 111.5412 108.5597 105.8947 103.3259 101.0782 98.95518 96.59135 94.2773 92.25922 89.18546 88.92116 87.94592 86.93983 86.12981 85.31537 84.51659 83.81032 81.92047 81.64215 81.5205
152.4834 151.1014 151.5991 152.2245 153.152 154.3033 155.047 155.4809 155.7291 151.7843 151.8021 151.7749 151.7508 151.7359 151.6847 151.513 151.1292 149.5008 149.2582 149.1536 149.0005 148.9996 148.962 148.1609 147.2834 146.7132 144.9169 144.0069 143.0246 142.362 141.3571 140.0822 138.6389 137.1967 134.1866 130.7245 128.9169 126.7607 124.7564 123.1878 121.382 119.0548 117.3801 111.2487 108.0595 105.2411 103.1886 101.3154 100.191 97.62141 95.01176 91.17889 89.9912 88.90938 87.87282 86.68906 85.5632 84.59912 83.74236 81.41714 80.89996 80.56954 80.42813 80.45892
150.1298 150.1111 150.1815 150.316 150.6667 151.1368 151.4567 149.8558 149.8972 149.9422 149.9739 149.9026 149.8425 149.8268 149.8339 149.8153 149.2682 149.2133 149.0017 148.9912 148.6054 148.2479 147.7465 146.7676 144.1358 144.0097 143.9138 142.9025 141.7745 140.8122 139.825 138.5314 137.0246 133.8182 131.976 129.7225 128.7146 126.7447 124.3488 122.0921 120.7109 113.8412 110.716 107.5748 104.4829 101.8567 100.5669 99.01012 97.62395 93.03618 91.03098 89.29148 88.77885 87.61584 86.35569 85.09338 83.93675 82.94295 80.43465 79.84523 79.43912 79.23471 79.23853 79.43486
149.3537 149.6271 149.5772 149.5938 149.552 149.6945 149.228 149.2416 149.2672 149.3246 149.4102 149.2977 149.2257 149.2092 148.9983 148.998 148.9986 148.9858 148.5656 148.2229 147.7534 147.2063 146.4618 144.7898 143.9401 143.1055 142.4701 141.4496 140.2328 139.1167 138.3 135.3444 133.7856 132.3173 130.6435 128.7536 126.8879 124.6298 121.9473 117.1812 114.5619 112.1672 109.383 106.4618 103.8498 101.1964 99.06833 96.24643 92.02337 90.72589 89.03896 87.57314 86.69794 85.59703 84.38811 83.19581 80.2058 79.42267 78.79391 78.3235 78.03119 77.94817 78.0974 78.46649
148.9902 149.0029 148.9996 149.0009 148.6841 148.9946 148.9994 148.9988 148.9986 148.9984 149.0001 148.9985 148.9984 148.4118 148.3629 148.2719 148.1467 147.9684 147.539 147.0588 146.6133 144.9235 144.1003 143.8673 142.7714 141.6481 140.8154 139.8449 138.5394 135.6783 134.6893 133.267 131.7876 130.693 129.1513 126.9472 124.7736 122.5384 117.2208 113.7597 110.3331 107.2817 104.669 102.09 100.3331 98.20218 93.77338 92.47499 90.97377 89.40843 88.6254 87.04787 84.44064 83.32431 82.20435 79.08078 78.328 77.72698 77.25629 76.91263 76.72243 76.74098 77.02795 76.77454
148.2163 148.3022 148.3751 147.8077 148.0448 148.3004 148.3832 148.4081 148.4119 148.4063 148.3985 147.5637 147.5794 147.5836 147.5464 147.433 146.9289 146.6535 146.2091 144.099 144.0035 143.8813 142.9317 142.1107 140.8503 139.6137 138.9702 138.2932 135.3422 133.8765 132.6073 131.0405 129.435 128.8174 127.4926 124.3588 118.3363 116.5337 113.3288 109.5586 105.8384 102.5891 100.5601 98.48355 96.85291 92.5535 91.38582 90.43427 88.98179 87.40768 86.19065 84.72275 83.30992 79.77298 78.7818 77.90174 77.13608 76.59457 75.90282 75.68085 75.56641 74.70367 75.22857 76.10692
147.361 146.6114 146.7666 146.9488 147.1616 147.3637 147.4756 147.5279 147.5485 146.493 146.5062 146.5221 146.5393 146.541 146.4936 146.3409 146.0122 145.5285 144.002 143.9026 143.0715 142.5664 141.1772 140.1539 138.7291 137.3012 135.0678 134.4375 133.1526 131.7246 130.6025 129.0187 127.3714 125.983 123.8021 117.5832 114.8585 112.275 108.9951 105.4062 102.0805 99.32292 97.22652 92.7921 91.24576 90.33356 89.22804 88.6688 87.05956 85.33363 83.8007 79.92615 78.64749 77.58479 76.78285 76.07538 75.41342 75.11237 74.93927 74.80653 73.99932 73.9984 74.00906 74.62454
145.556 145.6926 145.8282 145.9761 146.1357 146.2828 146.3839 146.4434 145.2663 145.2851 145.3008 145.3172 145.3336 145.3408 145.3159 145.2003 143.902 143.0891 142.6299 142.2658 141.5579 140.8503 140.1639 139.2259 138.3716 135.3425 134.0556 133.1193 130.9014 129.3768 128.6144 126.8751 125.0021 120.1413 117.5001 114.2483 111.1746 108.2024 105.028 101.9277 99.72797 94.35716 92.47386 90.88472 89.28788 88.84131 87.60048 86.43807 84.80407 83.05278 79.0896 77.68101 76.56886 75.64401 75.15481 74.70251 74.04257 73.996 73.35564 73.40608 73.51099 73.69011 73.99435 74.36478
144.7197 144.8039 144.8851 144.9688 145.0552 145.1351 144.0024 144.0019 144.0015 144.001 144.0007 144.0004 144.0005 144.0016 142.4873 142.3924 142.1678 141.5387 140.9439 140.475 139.8259 138.9974 138.3117 135.6324 134.6061 133.3012 132.1588 131.1607 130.3934 129.04 127.51 123.5301 121.1693 116.6871 113.6362 110.3758 107.412 104.5709 101.797 99.16827 94.21423 91.88937 90.70979 89.92996 88.83701 87.42288 85.77516 84.16502 80.0878 78.46958 76.95659 75.69655 74.91103 74.07052 73.99626 73.9697 73.46437 72.71549 72.77309 72.89894 73.08247 73.32899 73.61731 74.01286
144.0003 144.0004 144.0008 144.0008 143.0513 142.9756 142.8963 142.8278 142.7696 142.7202 142.6765 142.6328 142.5883 141.021 140.8472 140.5934 140.2968 139.747 139.0581 138.6868 138.1722 135.7411 134.911 133.7358 132.4456 131.159 130.2856 129.2138 128.7809 127.3303 123.2464 120.7847 117.9653 115.0892 112.3745 109.2498 106.2044 103.8044 98.59597 94.27406 91.84686 89.54715 89.01726 88.73171 87.28026 85.46896 83.58844 79.38765 77.84531 76.50468 75.18732 74.09879 73.93857 73.31544 73.11228 72.21605 72.12637 72.12952 72.24644 72.45772 72.72701 73.08136 73.45926 74.03564
143.5707 143.4315 143.3222 142.316 142.151 141.9895 141.8376 141.6989 141.5741 141.4638 141.3641 139.9257 139.7136 139.5359 139.2475 138.7927 138.5365 138.0791 137.1628 137.002 134.6946 133.7617 132.9173 131.8623 130.5129 129.265 128.8555 127.7114 124.4001 122.8396 120.6064 117.7257 114.4506 111.2498 108.1676 105.0379 99.4762 97.66443 95.77303 93.84689 91.87086 90.33919 88.80776 87.53926 86.48365 80.25548 78.51277 77.07234 75.8241 74.99534 74.006 73.21054 72.89952 71.76328 71.5827 71.51337 71.51492 71.6105 71.81459 72.12572 72.53581 73.02777 73.97733 74.66389
143.1371 142.3392 142.043 141.7705 141.5174 141.2751 141.0408 140.8184 140.61 140.2488 138.93 138.7012 138.351 138.1936 137.8751 137.1121 137.0061 136.8506 134.1163 133.2641 132.4705 131.533 130.9595 130.2792 129.1461 128.6396 124.5244 122.7131 121.4589 119.9642 117.4545 114.0637 110.5773 107.4344 104.501 99.88764 97.38396 95.25667 93.246 91.24401 89.41817 88.60998 87.05302 82.96559 81.25846 79.43707 77.61264 76.09253 75.11768 74.11573 73.93702 72.48681 71.37631 71.09943 70.95194 70.92342 70.9969 71.17614 71.46849 71.88102 72.29993 73.05949 73.99817 75.1077
142.1136 141.7449 141.3875 141.0468 140.7225 140.4123 140.116 139.8352 138.5961 138.3177 138.0141 137.8996 137.6743 137.0584 136.9949 136.0045 133.7176 133.0212 132.1721 131.1935 130.3839 129.265 129.0164 128.7339 127.4874 123.3296 121.2229 119.0353 117.9311 116.5147 113.4701 109.8563 106.4463 100.5687 98.6317 96.89586 94.77309 92.89188 90.9899 89.02891 87.32016 86.11384 82.04598 80.45111 78.80766 77.10199 75.40146 74.14503 73.93078 73.24597 72.04422 71.57084 71.11676 70.76111 70.52645 70.42173 70.4435 70.83669 71.20445 71.59235 72.24298 73.01179 73.99216 75.51651
141.5388 141.1214 140.7129 140.3158 139.9323 139.5663 138.3922 138.0786 137.7359 137.493 137.0245 137.0017 136.9308 136.1052 135.5534 133.0496 132.4556 131.8573 131.0666 130.3232 128.7679 127.6846 127.0032 123.5017 121.9139 120.239 117.9928 115.7501 114.0242 112.0037 108.9706 105.5063 99.51668 97.69489 95.88573 94.02087 92.05293 90.65064 88.9287 86.95322 82.87878 81.1692 79.6228 78.19096 76.80864 75.47636 74.08566 73.28275 72.40477 71.86053 71.38582 70.93587 70.53592 70.23035 70.04549 69.99319 70.07356 70.09313 70.49924 71.02246 71.65479 72.38799 73.20836 76.13529
140.9435 140.4873 140.0383 139.5966 139.1666 138.0251 137.6489 137.4154 137.0142 136.9776 136.3999 135.99 135.5206 133.0349 131.9666 130.9822 130.5866 130.1487 129.1893 128.7418 127.5164 126.6214 123.2176 122.2002 120.6425 118.638 114.5321 112.1863 110.1054 107.7713 101.6335 99.80817 97.31742 95.37291 93.62167 91.70374 89.60567 88.71258 84.81136 82.63625 80.61644 78.87242 77.43605 76.29694 75.3051 74.67476 73.96434 72.61474 71.92621 71.33747 70.83296 70.39548 70.03683 69.78317 69.65561 69.43277 69.65594 70.01857 70.5145 71.13792 71.88942 72.79164 73.91636 75.17937
140.3483 139.8677 139.3924 138.3247 137.8521 137.4123 137.0091 136.9874 136.5195 136.1319 135.4906 134.8111 132.6338 131.5843 130.4658 129.1785 129.0096 128.7882 127.5733 126.5191 122.5853 121.3361 120.6381 119.724 117.8629 115.428 113.081 110.5348 104.5924 103.0932 100.9737 98.64412 94.64928 93.16942 91.8927 90.39209 88.73798 84.87387 82.61534 80.42683 78.44202 76.78027 75.54113 74.81171 74.05086 73.15153 72.66433 72.02462 71.39043 70.81962 70.32784 69.91986 69.60902 69.41452 69.13229 69.29076 69.59647 70.04734 70.63885 71.36406 72.21102 73.15129 75.22311 77.40475
