public/沉降量2015-2021（地形转栅格）/cjl2021.txt
ncols         346
nrows         239
xllcorner     104.24612109509
yllcorner     31.067832478695
cellsize      0.00084765149693467
NODATA_value  -9999
[rows 140 to 167 of 239, columns 128 to 191 of 346]
103.7195 103.0727 102.0735 101.4158 100.99 100.3416 99.6499 98.93456 98.21849 98.53577 97.92067 97.33399 96.80806 96.36694 96.02376 95.78525 95.65332 95.62471 96.56705 96.71016 96.93137 97.21947 97.98611 98.48664 99.1067 99.90521 101.0528 102.3695 104.1264 106.2187 108.4964 110.8226 113.0831 115.1648 117.8419 119.0513 120.6966 122.6025 124.5634 126.4194 128.0029 129.1317 130.7995 133.4983 135.3681 136.9998 138.5269 140.1256 141.711 143.0973 144.0828 146.2027 147.4101 148.3941 148.99 149.2677 149.5573 149.87 150.3235 150.9422 152.7627 154.055 156.2994 157.2126
105.0593 103.663 102.5359 101.6693 101.008 100.6519 100.2195 99.70254 99.91897 99.40292 98.8344 98.27196 97.75717 97.32047 96.97173 96.71735 97.40612 97.34252 97.38239 97.51823 97.73579 98.01929 98.35706 98.74625 99.88649 100.3736 100.9939 103.1214 104.869 106.9206 109.1476 111.4342 113.692 116.1926 117.9947 119.5257 121.2678 123.2049 125.1969 127.1197 128.8777 130.5202 132.2781 134.1757 135.9188 137.1471 138.9356 140.7332 142.4234 143.9045 145.6446 147.0613 148.1926 148.9803 149.0305 149.5942 150.0106 150.4357 152.3712 153.7388 154.6277 156.4155 158.0786 159.287
105.616 104.1949 102.9882 102.0224 101.3295 100.997 100.9984 100.7686 100.5464 100.1004 99.573 99.04515 98.55853 98.15369 98.58254 98.34261 98.17313 98.0992 98.12987 98.25996 98.47536 98.75732 99.08931 100.1186 100.5223 100.998 101.6557 102.5995 103.9655 105.7052 107.7136 110.6682 112.7483 116.452 118.0005 119.7644 121.7059 123.7363 125.7207 127.5043 129.1247 130.8775 132.8058 134.8488 136.8423 138.0689 139.6559 141.3901 143.8663 145.1217 146.631 148.0386 149.0052 149.7218 150.1194 150.6585 152.3416 152.7711 154.2186 156.3423 158.2273 160.2345 161.9397 163.1669
106.1114 104.6859 103.4322 102.3804 101.9689 101.3978 101.1913 101.0008 100.9968 100.5857 100.1147 99.65009 99.20898 99.49767 99.2666 99.0392 98.86206 98.78035 98.80464 98.9296 99.14249 100.0036 100.2889 100.6469 100.9935 101.4718 102.267 103.3817 104.8406 106.6026 109.5285 111.5564 113.5462 115.3827 116.9369 118.1404 120.0802 122.18 126.9903 128.8593 129.9618 131.4691 133.2327 135.1188 136.9854 138.565 140.67 142.3458 144.0027 145.7375 147.4683 148.9269 149.7615 150.5608 151.381 153.8149 154.0167 154.7599 157.2695 160.2355 162.9126 165.1317 166.7412 172.7357
108.0672 106.5628 105.1579 103.3129 102.4531 101.8378 101.4687 101.1958 101.0008 100.7797 100.4642 100.5792 100.2974 100.0981 99.9043 99.66661 99.46783 99.38478 99.40704 99.52489 100.2415 100.5117 100.6913 100.9955 101.0159 101.8106 102.8807 104.1949 106.7945 108.6195 110.5574 112.5275 114.4476 116.2452 117.8627 119.0589 121.5732 123.549 125.5258 127.3758 128.9877 130.4323 131.9893 133.6175 136.994 139.608 141.3718 142.826 144.2141 146.2781 148.0352 149.0415 150.0331 151.1453 152.4381 154.0224 155.7841 158.1188 161.4965 165.1748 168.4156 170.7145 177.3997 177.6326
108.4301 107.3798 106.066 104.8651 103.8165 102.9527 102.2927 101.8227 101.4744 100.9997 101.0013 100.9977 100.7438 100.6124 100.4879 100.2158 99.97375 99.92178 100.4637 100.5258 100.6706 100.9943 101.0055 101.3448 101.7042 102.5507 104.7838 106.2621 107.9413 109.7633 111.655 113.5357 115.3267 116.9219 118.1233 120.6521 122.4754 124.3708 126.2089 127.8639 129.1509 130.9447 132.6504 135.1365 136.8343 138.9111 141.3257 142.7086 144.0166 145.4956 148.9094 149.5063 150.2201 151.1951 152.6608 154.6647 158.0109 161.8567 166.1699 170.5171 179.5228 181.4355 181.9676 181.8736
109.079 107.7586 106.4996 105.3405 104.3157 103.4511 102.7575 102.2226 102.1936 101.8265 101.5348 101.3159 101.2 101.0013 101.0001 100.6695 100.9973 100.9992 100.9995 100.9986 101.0065 101.3502 101.6071 102.0399 102.6308 104.727 106 107.505 109.1901 110.9864 112.81 114.5766 116.2472 118.1404 119.8025 121.6084 123.4812 125.3227 127.0807 128.8297 130.2574 132.0446 135.1189 136.0284 137.4595 140.3696 143.3399 144.1332 145.3815 146.7822 148.9627 149.3477 149.7385 150.4205 151.6699 156.9466 161.1871 165.885 174.7676 179.036 182.3658 184.366 185.0329 184.824
109.3804 108.1228 106.9191 105.8031 104.8046 103.9444 103.7098 103.1092 102.6175 102.2199 101.9044 101.6659 101.4992 101.3515 101.302 101.5741 101.4766 101.4931 101.5263 101.5593 101.7104 102.031 102.4289 104.0791 104.9249 105.9996 107.3083 108.8254 110.5007 112.2596 114.0016 115.5999 118.0002 119.2503 120.8921 122.7332 124.6116 126.3579 127.8326 129.2337 132.5535 134.7563 136.7318 137.1304 138.758 141.3589 143.9129 145.2184 147.2065 148.4156 149.0088 149.4516 149.9843 150.9518 152.6358 155.4285 159.9089 169.1144 173.9112 178.2957 181.893 186.5281 187.385 187.4467
109.6719 108.4746 107.325 106.2523 105.2822 104.9152 104.1939 103.5826 103.0728 102.6548 102.3202 102.0624 101.8726 102.1637 102.0755 102.0195 101.9931 102.0352 102.1109 102.2083 102.3427 103.5021 103.9486 104.5315 105.2716 106.1933 108.6487 110.1631 111.8158 113.5376 116.34 117.8792 119.0293 120.3767 122.0435 123.9132 125.8383 127.6284 130.1482 131.6829 133.5415 135.4306 136.9924 138.14 139.8766 142.0284 144.0051 146.0139 147.6812 148.9691 149.3419 149.7259 150.521 152.0883 154.6707 163.0214 168.6678 173.4969 177.4641 181.0674 183.8644 186.3267 188.2261 189.4077
109.9541 108.8146 107.7174 107.1096 106.2037 105.3918 104.6805 104.0692 103.5525 103.124 102.7774 102.9979 102.7942 102.6548 102.5742 102.5443 102.5652 102.6468 102.7769 102.951 104.0957 104.5096 105.0381 105.6975 106.5054 107.4799 108.6339 109.9661 112.6544 114.1693 115.6811 118.1108 119.6357 121.2677 123.0494 124.9509 126.9092 129.0114 130.6493 132.4175 134.2774 135.9695 137.15 138.8846 140.8319 143.8213 145.0416 146.5242 147.9426 148.9977 149.45 149.9988 151.2248 153.6957 160.5747 167.2936 173.5559 177.658 180.0384 182.0708 184.7493 187.3922 190.882 192.9397
110.2257 109.454 108.4579 107.5159 106.6457 105.8604 105.1665 104.5645 104.0511 103.6217 103.7998 103.5314 103.3345 103.2055 103.1415 103.1401 103.2021 103.3304 104.3308 104.6562 105.0611 105.5573 106.1599 106.8831 107.7414 108.7475 109.9082 112.3807 113.741 115.1563 116.5702 117.9139 118.9425 120.4132 122.1105 124.7331 126.4666 129.1411 131.0114 132.9838 134.9654 136.8532 138.1218 139.8413 142.3617 143.9965 145.452 146.8931 148.1339 148.9934 149.5038 150.2513 152.7128 156.5074 163.3594 171.1625 178.1395 181.3454 182.0798 182.6866 186.9759 189.6244 192.2234 194.5585
111.7216 110.7272 108.8025 107.905 107.0729 106.3186 105.6486 105.0642 105.0843 104.6818 104.3549 104.1018 103.9209 103.8106 103.7701 103.8 103.9025 104.8844 105.1928 105.5838 106.0592 106.6243 107.2879 108.0602 108.9513 111.1285 112.2423 113.442 114.6992 115.968 117.1573 118.0832 119.4989 121.9427 123.7501 125.569 127.3005 128.8743 130.0369 131.7008 133.5479 135.3492 137.1801 141.1801 142.8995 144.1216 145.7709 147.2694 148.4059 149.0098 150.2529 151.5575 154.0041 158.6865 165.6993 173.5396 180.3161 183.1441 184.0036 186.2571 188.3147 190.8359 193.4708 196.0031
111.8987 110.9539 110.0261 109.1281 108.2756 107.4837 106.7641 106.5889 105.6087 105.2326 104.9305 104.7016 104.5454 104.4615 104.4506 105.2744 105.4597 105.7317 106.0918 106.5392 107.0724 107.6922 108.4022 110.3115 111.2222 112.2172 113.2875 114.4125 115.5615 116.7212 117.9297 118.8649 121.023 122.7683 124.5823 126.3566 127.9357 129.1243 130.7081 132.4526 135.1214 136.8368 138.2381 140.1322 142.1013 143.8541 145.0073 146.444 148.9628 149.8957 150.9637 152.5493 155.0788 160.1737 166.9422 174.2397 180.4878 182.3697 184.6747 186.7157 189.0426 191.6733 194.4347 197.1672
112.0631 111.165 110.2853 109.4348 108.6274 108.2535 107.6116 107.0427 106.5498 106.1324 105.7894 105.5195 105.3226 105.8588 105.9224 106.0652 106.2922 106.6074 107.0126 107.506 108.0841 108.7443 110.5251 111.3573 112.2605 113.2303 114.2543 115.3041 116.3179 117.2094 118.9452 120.3038 121.9105 123.6497 125.4379 127.2025 128.8617 130.1037 131.6683 134.3081 135.8511 137.1783 139.0584 141.0583 142.8537 144.1122 145.5797 147.6563 148.9558 149.6107 150.4816 151.7763 153.7606 156.4853 167.1673 173.5663 177.4765 181.3799 183.9185 186.4565 189.1642 192.0499 195.0295 197.9963
112.2188 111.3636 110.5289 109.9989 109.2794 108.6141 108.0133 107.4844 107.0305 106.6518 106.3471 106.1153 106.5959 106.5528 106.5837 106.6899 106.8747 107.1424 107.497 108.4686 110.0407 110.7403 111.506 112.3346 113.222 114.1617 115.1455 116.1616 117.1657 118.7994 119.886 121.2833 122.8793 124.5637 126.2547 127.8568 129.1711 132.1547 133.9116 135.34 136.8602 138.2429 140.1189 142.1002 143.8595 144.9498 146.6534 147.9007 149.0042 149.8438 150.8004 152.133 154.0695 156.9529 160.6019 165.5101 170.7719 175.6678 179.6476 185.7209 188.8411 192.028 195.2329 198.7393
112.3718 111.5546 110.986 110.2632 109.5849 108.9613 108.4022 107.9145 107.5019 107.1646 107.4506 107.3058 107.2346 107.2369 107.3129 107.4633 107.6902 107.9968 108.386 109.7543 110.321 110.9567 111.6568 112.4175 114.0986 114.9978 115.9206 117.3026 118.0618 119.3398 120.7446 122.2805 123.8975 125.5257 127.1458 129.2356 131.3123 133.4703 135.2626 136.1164 137.1656 139.0382 141.071 142.8804 144.8169 145.8637 146.9595 148.0289 149.0012 149.8873 150.8839 152.2091 153.8054 155.8628 159.4793 164.1389 169.1874 174.05 178.3341 181.9271 185.0745 187.5422 191.2012 194.9837
112.698 111.9372 111.2093 110.5212 109.8813 109.2982 108.7803 108.3344 107.9639 108.1667 107.9922 107.893 107.868 107.9167 108.0384 108.2328 108.5005 109.669 110.1092 110.6151 111.1844 111.8147 112.5038 113.2502 114.0501 115.6078 116.4645 117.2926 118.0016 118.883 121.7185 123.3437 124.9768 126.5115 129.0118 130.5168 132.5685 134.8045 136.7714 137.0797 138.2789 140.138 142.9468 144.0675 145.1826 146.2073 147.1889 148.1251 148.9998 149.8375 150.7939 151.5674 152.8167 154.4987 158.1906 162.8037 167.756 172.6241 177.1387 179.5814 182.7374 186.5678 190.5502 194.6145
112.8831 112.1389 111.4347 110.7769 110.1722 109.6277 109.1503 109.1507 108.8642 108.656 108.5256 108.4716 108.4926 108.5872 108.7538 109.7298 110.0687 110.4672 110.9222 111.4314 111.9929 112.6062 113.2729 113.9961 115.398 116.2105 117.0731 117.9674 118.7254 119.769 121.1598 122.7637 125.5221 127.2296 128.8573 130.1318 133.5517 135.4453 136.9902 137.9949 139.4228 142.1773 143.8932 144.7556 145.6512 146.5416 147.3965 148.2149 148.9987 149.6804 150.4608 151.3755 152.4767 154.0942 157.5231 161.8948 166.6295 171.3353 174.6431 178.5662 182.1359 185.9469 189.9834 194.2188
113.8624 112.3506 111.6647 111.0331 110.4607 110.2763 109.8757 109.5511 109.3049 109.1381 109.0503 109.0401 109.1056 109.2445 110.1344 110.4458 110.8134 111.2312 111.694 112.1982 112.7423 113.3279 114.5724 115.2109 115.9109 116.6676 117.4233 118.0425 119.1932 120.5449 122.0964 124.7395 126.4355 127.9573 129.1371 130.7938 132.5466 134.3485 135.9697 138.0809 139.6087 142.6984 143.9971 145.0481 146.0052 146.8477 147.5963 148.4037 148.9975 149.7077 150.5884 151.6456 152.8617 154.3004 157.4725 161.4948 165.5091 169.6891 173.8577 177.9113 181.8033 185.3956 189.3855 193.7701
114.082 113.2999 112.571 111.9004 111.5556 111.0411 110.2355 109.9482 109.7404 109.613 109.5656 109.5969 110.2877 110.5071 110.7922 111.1349 111.5263 111.9579 112.4225 112.9153 113.435 114.5912 115.13 115.7132 116.3617 117.1045 117.9688 118.6872 119.8831 122.2067 123.9143 125.6508 127.3296 128.8816 130.0524 131.6349 133.3989 135.8456 137.1642 138.8856 140.5805 142.0536 143.1916 144.056 145.3146 146.4026 147.7288 148.5796 149.0087 149.8198 150.8644 152.1959 153.8391 155.3221 158.3831 161.5911 165.2384 169.1177 173.097 177.1187 181.1095 184.4488 188.5595 192.6817
114.3004 113.5177 113.028 112.3905 111.8259 111.3375 110.9271 110.5954 110.3431 110.1712 110.0804 110.5641 110.8526 111.1073 111.4248 111.7947 112.2056 112.6468 113.1095 114.2241 114.6933 115.1702 115.6649 116.1934 116.7647 117.3747 118.0415 120.0139 121.4767 123.1002 124.7991 126.4737 127.9754 129.1217 130.7056 132.4307 135.0784 136.8334 138.271 140.0345 141.7424 143.0689 143.9541 144.7837 146.8207 147.987 148.407 148.6283 148.9969 149.3791 150.084 151.0879 154.0082 156.0204 158.5569 161.5804 164.95 168.524 172.1977 175.8951 179.5063 182.2356 187.0647 192.4297
114.5008 113.953 113.2678 112.6492 112.1052 111.6409 111.258 110.9565 110.7361 111.0172 110.9897 111.0451 111.1824 111.3979 111.6842 112.0305 112.4239 113.4622 114.3742 114.832 115.288 115.746 116.2196 116.7367 117.3223 117.9975 119.7462 120.9827 122.4374 124.0289 125.6822 127.325 128.8791 130.0644 132.6047 134.3238 135.8186 137.2179 139.1835 141.1788 142.9066 143.9526 144.0893 146.3322 147.7381 148.9559 149.0016 149.0034 149.3231 149.7331 150.361 151.4392 152.5236 154.0097 156.0469 158.5684 161.4732 164.6379 171.3758 174.8575 177.8383 181.9937 186.9601 192.502
114.9055 114.1895 113.5231 112.9216 112.396 111.9527 111.5939 111.6833 111.5158 111.4314 111.4302 111.5127 111.6783 111.9226 112.237 112.6085 113.5892 114.0397 114.498 114.9568 115.4145 115.8716 116.3305 117.3475 118.7509 119.6545 120.7303 122.0023 123.4315 124.9522 126.4943 127.9567 129.1401 131.8904 133.786 135.5735 137.0065 138.4903 140.3643 142.2785 143.9004 145.1315 146.0099 147.0769 148.1809 148.9998 149.2881 149.4515 149.7388 150.5721 151.0273 151.6787 152.6256 154.0026 156.0074 158.506 161.334 164.3615 167.2506 170.4306 173.8222 177.581 181.9445 192.8416
115.1525 114.452 113.798 113.2093 112.6986 112.273 112.2801 112.0481 111.9017 111.8393 111.8609 111.9672 112.1576 112.4273 113.2728 113.6837 114.1266 114.5837 115.0434 115.5024 115.9653 116.4384 116.9207 118.0023 118.6805 119.5369 120.556 121.7265 123.034 125.8797 127.3391 129.1608 130.9641 132.947 134.9452 136.8132 138.1754 139.6904 141.4223 143.9105 144.7832 145.7353 146.6822 147.6551 148.5132 149.0086 149.522 149.8906 150.8127 151.1223 151.49 152.0218 152.8156 153.9989 155.9767 158.4703 161.3444 164.2315 167.2328 170.3878 173.7905 177.5915 182.0346 187.4307
115.4376 114.7395 114.0908 113.5104 113.33 112.9323 112.6273 112.4124 112.2843 112.241 112.2824 112.4095 112.6215 113.3824 113.7597 114.185 114.6364 115.095 115.5497 116.0016 116.4652 117.3756 117.9875 118.5462 119.335 120.3216 121.4612 122.7202 124.0655 126.4928 127.8544 129.0053 130.3131 132.0825 135.7968 137.1515 138.8379 140.5412 142.698 143.999 145.1292 146.2113 147.2159 148.1564 148.9823 149.4602 150.5836 151.1644 151.5272 151.7786 152.0624 152.5083 153.208 154.1003 156.1063 159.0403 161.704 164.5363 167.5168 170.6967 174.1578 177.9963 182.4112 189.3145
115.738 115.0383 114.6927 114.1278 113.6497 113.265 112.9744 112.775 112.6633 112.6369 112.6958 113.2633 113.5106 113.8372 114.2294 114.6659 115.1224 115.5769 116.017 116.8449 117.2224 117.5845 118.0174 118.8968 119.9333 121.0966 122.3635 123.7048 126.0558 127.4375 128.8862 130.0568 131.4924 133.2437 135.1011 136.846 138.6522 140.2269 141.7581 143.1145 145.4449 146.6646 147.6567 148.4722 149.0215 150.456 151.3512 152.0348 152.3541 152.5114 152.6997 153.086 153.9442 155.4644 157.42 159.7724 162.3766 165.161 168.1394 171.393 175.0157 180.7492 185.381 191.19
116.7184 116.2896 115.6111 114.9834 114.4305 113.5953 113.3194 113.135 113.0384 113.4126 113.5014 113.6769 113.9382 114.2786 114.6832 115.1292 115.5888 116.0358 116.8739 117.2376 117.6225 117.9997 118.549 119.4791 120.6316 121.9163 124.2115 125.619 126.9307 128.0558 129.1244 130.7378 132.4532 134.2307 135.8822 138.0258 139.4559 140.9691 142.4512 143.9007 144.9208 146.1734 147.3124 148.5118 149.0246 151.1107 152.1967 153.0234 153.2264 153.2629 153.3158 154.0512 154.9872 156.5575 158.5706 160.8955 163.4344 166.155 169.1078 172.4225 177.4501 181.9322 187.1583 193.2183
117.2624 116.5431 115.8692 115.2575 114.7225 114.2753 113.9212 113.6609 113.8435 113.7755 113.792 114.0808 114.3534 114.7047 115.1195 115.574 116.4623 116.8977 117.2625 117.5666 117.9943 118.4359 119.1457 120.1723 121.4181 123.7019 125.1653 126.6004 127.9391 129.0013 130.1396 131.6929 133.425 135.9005 137.1285 138.6952 140.2725 141.7469 143.0018 144.1326 145.6415 147.9513 148.9602 149.0116 149.6046 150.612 151.7873 152.9588 153.9623 154.0034 154.9073 155.6103 156.6532 158.246 160.2427 162.514 164.9717 167.5957 172.3405 175.412 179.0186 183.4103 189.1465 195.476
