public/沉降量2015-2021（地形转栅格）/cjl2018.txt
ncols         346
nrows         239
xllcorner     104.24612109509
yllcorner     31.067832478695
cellsize      0.00084765149693467
NODATA_value  -9999
[rows 196 to 223 of 239, columns 192 to 255 of 346]
171.1297 173.2675 175.2386 177.0792 178.713 180.1449 182.4604 183.5854 184.6078 185.5445 186.4086 187.2122 187.9662 188.6809 189.3652 190.7427 191.3583 191.9593 192.5484 193.1274 193.6969 194.2574 194.8088 195.8274 196.3374 196.8381 197.8096 198.2798 198.7391 199.1874 199.6245 200.0504 200.7486 201.1384 201.5175 201.8862 202.2443 202.5921 202.9299 203.2576 203.756 204.0545 204.344 204.6245 204.8961 205.159 205.4135 205.6596 205.8976 206.2245 206.4394 206.6467 206.8465 207.0389 207.2241 207.4023 207.5737 207.7774 207.9296 208.0754 208.2148 208.3481 208.4755 208.5968
172.5472 174.6132 176.4968 178.2388 179.8111 182.1606 183.3931 184.4997 185.5009 186.4139 187.2535 188.0321 188.761 190.1678 190.8036 191.4145 192.0061 192.5825 193.1466 193.7005 194.245 194.781 195.7871 196.2849 196.7743 197.255 197.7266 198.1888 198.6412 199.0835 199.8314 200.2379 201.0211 201.3976 201.7641 202.1205 202.467 202.8036 203.1306 203.6294 203.9276 204.2168 204.4973 204.769 205.0322 205.2868 205.5333 205.8766 206.0996 206.3151 206.5229 206.7234 206.9165 207.1024 207.2814 207.4534 207.6584 207.8113 207.9579 208.0981 208.2322 208.3602 208.4822 208.5984
173.5574 175.6296 177.5196 180.1656 181.6815 183.0385 184.2517 185.3401 186.3225 187.2158 188.0348 188.7925 190.1893 190.8376 191.4538 192.0446 192.6154 193.1705 193.7129 194.2447 195.2641 195.7585 196.2447 196.7231 197.1933 197.6554 198.1088 198.5535 198.9889 199.7334 200.1347 200.5268 200.9094 201.2826 201.6462 202.0003 202.3449 203.1985 203.5047 203.8021 204.0908 204.3709 204.6425 204.9056 205.1606 205.4072 205.7514 205.9749 206.1907 206.3991 206.6001 206.7939 206.9807 207.1603 207.3791 207.5392 207.6928 207.8401 207.9811 208.116 208.2448 208.3675 208.4822 208.5884
172.7592 174.692 177.7212 181.0975 182.5641 183.8832 185.0667 186.1302 187.0903 187.963 189.4454 190.1642 190.8344 191.4649 192.0634 192.6364 193.1891 193.7256 194.7563 195.2513 195.7366 196.2132 196.6816 197.1421 197.5947 198.0393 198.4757 199.2394 199.6433 200.0388 200.4257 200.8038 201.173 201.5332 201.8843 202.4426 202.7646 203.0777 203.3824 203.6786 203.9664 204.2458 204.517 205.0347 205.3954 205.6265 205.8502 206.0665 206.2752 206.4768 206.6712 206.8586 207.0916 207.259 207.4198 207.5742 207.722 207.8639 207.9995 208.129 208.2526 208.3684 208.4755 208.577
175.6853 177.2823 178.9431 180.5577 182.0706 183.4596 184.7203 185.8593 188.5201 189.3393 190.0927 190.7905 191.4419 192.0552 192.6371 193.1938 193.7301 194.7465 195.2373 195.7167 196.1859 196.6462 197.0982 197.5422 197.9784 198.7581 199.1634 199.5608 199.9501 200.3314 200.7045 201.0692 201.4254 201.7731 202.3298 202.649 202.9601 203.2628 203.5575 203.844 204.1224 204.3929 204.7861 205.0323 205.2711 205.5022 205.726 205.9424 206.3534 206.5484 206.7363 206.9705 207.1387 207.3002 207.4552 207.6039 207.7464 207.8828 208.013 208.1411 208.2546 208.3623 208.4646 208.5614
177.3566 178.7739 180.2446 181.6979 183.0835 184.3742 185.5597 187.4139 188.3448 189.1989 189.9847 190.7109 191.386 192.0178 193.1794 194.2208 194.7274 195.2177 195.6943 196.159 196.6134 197.0587 197.4955 197.9241 198.6949 199.0937 199.4846 199.8679 200.2434 200.6111 200.971 201.3229 201.8969 202.221 202.5373 202.8458 203.1463 203.439 203.724 204.0011 204.2704 204.6637 204.9094 205.1477 205.3786 205.6023 205.8188 206.0281 206.2303 206.4919 206.6739 206.8493 207.0181 207.1804 207.4856 207.6287 207.7658 207.8969 208.0262 208.1404 208.249 208.352 208.4495 208.5416
178.9644 180.2454 181.5566 182.8585 184.1141 186.2169 187.2312 188.1753 189.0497 189.8587 190.6082 191.3049 191.9557 192.567 193.6528 194.1862 194.6975 195.1899 195.6663 196.58 197.0206 197.4517 198.2352 198.6358 199.0285 199.4136 199.7911 200.1609 200.5233 200.8782 201.2255 201.7957 202.1162 202.4292 202.7348 203.0329 203.3234 203.6064 203.882 204.2908 204.543 204.7878 205.0255 205.2561 205.4795 205.6959 205.9052 206.181 206.3701 206.5523 206.7282 206.8975 207.0604 207.2169 207.3671 207.511 207.6638 207.7903 207.911 208.1354 208.2392 208.3374 208.4303 208.5179
180.495 181.6581 182.8351 184.0031 186.1311 187.1139 188.045 188.9197 189.7372 190.4999 191.2118 191.8778 193.0311 193.5994 194.1402 194.6571 195.1533 195.6316 196.0944 196.5438 197.3645 197.7787 198.1834 198.5793 198.9669 199.7186 200.0831 200.4403 200.7902 201.3749 201.6986 202.0153 202.3248 202.6272 202.9224 203.2105 203.4914 203.9152 204.173 204.4238 204.6677 204.9046 205.1344 205.3575 205.5736 205.7828 206.0592 206.2484 206.4311 206.6072 206.777 206.9404 207.0975 207.2483 207.414 207.5472 207.6743 207.7957 207.9114 208.0215 208.1261 208.2252 208.3189 208.3801
181.9363 182.9929 185.2013 186.1531 187.0823 187.9781 188.8326 189.6418 190.4045 191.1218 192.3617 192.9664 193.5406 194.0871 194.609 195.1093 195.5902 196.0544 196.5036 197.3185 197.7303 198.1319 198.5239 198.9073 199.2822 199.6494 200.009 200.6258 200.9592 201.2857 201.9179 202.2238 202.5229 202.8152 203.1004 203.379 203.801 204.057 204.3064 204.549 204.7849 205.0141 205.2365 205.4522 205.7425 205.938 206.1272 206.3101 206.4865 206.6566 206.8205 206.978 207.1295 207.2964 207.4302 207.5582 207.6804 207.7967 207.9075 208.0128 208.1127 208.1852 208.2698 208.3493
184.5144 185.3935 186.2703 187.1364 187.9832 188.8024 189.5884 190.3378 191.0493 192.3043 192.9082 193.4837 194.0329 194.5578 195.0608 195.5441 196.0098 196.8486 197.2707 197.6808 198.0798 198.4688 198.8485 199.2196 199.5825 199.9376 200.548 200.8772 201.1995 201.515 201.8238 202.126 202.4216 202.7107 203.1617 203.4286 203.9431 204.1907 204.432 204.6667 204.8949 205.1166 205.3317 205.6221 205.8175 206.0066 206.1894 206.3661 206.5365 206.7006 206.8586 207.0382 207.1786 207.3131 207.4418 207.5646 207.6819 207.7934 207.8994 208 208.0739 208.1594 208.2397 208.3149
184.8451 186.4597 187.2633 188.0561 188.8318 189.5844 190.3099 191.6452 192.2676 192.8643 193.436 193.9836 194.5084 195.0121 195.4964 195.9628 196.8007 197.2218 197.6302 198.0273 198.4136 198.7903 199.158 199.5171 200.14 200.4724 200.7976 201.1159 201.4275 201.7325 202.0311 202.3232 202.609 203.0567 203.321 203.5791 203.8311 204.0769 204.3165 204.5499 204.777 205.3013 205.5026 205.6976 205.8865 206.0693 206.246 206.4165 206.581 206.773 206.9199 207.0609 207.196 207.3253 207.4489 207.5667 207.679 207.7859 207.871 207.9625 208.0488 208.1299 208.2058 208.2768
185.951 186.6993 187.4458 188.1862 188.9159 189.6302 191.0268 192.2573 192.8413 193.4039 193.9455 194.4665 194.9679 195.4507 196.3213 196.754 197.1732 197.5798 197.9747 198.3586 198.7325 199.097 199.7335 200.0697 200.3984 200.7199 201.0344 201.3423 201.6436 201.9386 202.2274 202.6864 202.9539 203.2155 203.4712 203.721 203.9648 204.2027 204.4346 204.7637 204.9764 205.1831 205.3839 205.5785 205.7671 205.9498 206.1264 206.4617 206.6545 206.8017 206.9431 207.0787 207.2087 207.3329 207.4516 207.5646 207.6611 207.7586 207.8509 207.938 208.0199 208.0967 208.1685 208.2353
186.9725 187.6695 188.362 189.0473 190.4804 191.094 191.6932 192.2767 192.8433 193.3924 193.9235 194.4368 195.8392 196.282 196.7112 197.1273 197.531 197.9231 198.3044 198.6754 199.0369 199.6682 200.0008 200.3258 200.6438 200.9547 201.259 201.5568 201.8483 202.3181 202.5885 202.8531 203.112 203.3651 203.6127 203.8545 204.0905 204.3207 204.6486 204.86 205.0659 205.2659 205.46 205.6482 205.8307 206.0073 206.224 206.383 206.5362 206.6837 206.8255 206.9616 207.217 207.3363 207.4501 207.5479 207.6461 207.7391 207.8269 207.9097 207.9873 208.06 208.1276 208.1422
187.9232 188.574 190.0228 190.6148 191.1971 191.7684 192.3275 192.8732 193.4048 193.9217 194.4236 195.3665 195.8153 196.2513 196.6748 197.0862 197.4859 197.8744 198.6199 199.2672 199.6044 199.9335 200.255 200.5693 200.8766 201.1774 201.4717 201.7599 202.2252 202.4924 202.7542 203.0103 203.261 203.5061 203.7457 203.9799 204.3187 204.5346 204.745 204.9497 205.1488 205.3423 205.5301 205.7122 205.8886 206.1058 206.2648 206.4182 206.566 206.7081 206.8447 206.9756 207.101 207.2206 207.3302 207.4346 207.5336 207.6273 207.7993 207.8778 207.9512 208.0198 208.0359 208.0908
188.8136 190.2199 190.7806 191.3326 191.8756 192.4088 192.9315 193.443 193.9427 194.9172 195.3664 195.8046 196.2317 196.6476 197.0525 197.4465 197.8301 198.2036 198.8684 199.2097 199.5429 199.8682 200.1859 200.8004 201.0976 201.3885 201.864 202.1339 202.3982 202.657 202.9104 203.1585 203.4012 203.6387 203.8707 204.2075 204.4219 204.6309 204.8346 205.0327 205.2254 205.4127 205.5944 205.8232 205.9879 206.1471 206.3006 206.4485 206.5909 206.7278 206.8593 206.9904 207.1059 207.2162 207.3211 207.4209 207.5154 207.6047 207.6889 207.7681 207.8038 207.8691 207.9296 208.0363
190.4375 190.9706 191.4948 192.0106 192.518 193.0168 193.5065 194.5048 194.9483 195.383 195.8085 196.2246 196.6311 197.0277 197.4146 197.7919 198.475 198.8194 199.1558 199.4844 199.8054 200.1191 200.4259 200.7259 201.2272 201.5052 201.7775 202.0442 202.3055 202.8121 203.0576 203.2979 203.5331 203.8797 204.0976 204.3104 204.518 204.7205 204.9176 205.1095 205.296 205.5361 205.7061 205.8706 206.0297 206.1833 206.3314 206.474 206.6112 206.743 206.8752 206.9913 207.1022 207.2078 207.3082 207.4034 207.4935 207.5785 207.6248 207.6957 207.7619 207.8232 207.8798 207.9317
191.1758 191.6755 192.1666 192.6496 193.1251 193.5928 194.5703 194.9965 195.4155 195.827 196.2306 196.6259 197.0129 197.3913 198.0914 198.4372 198.7755 199.1062 199.4296 199.7458 200.0551 200.3576 200.6536 201.1496 201.4239 201.6927 201.9562 202.2144 202.4674 202.7154 202.9582 203.3262 203.5519 203.7728 204.2001 204.4063 204.6075 204.8035 204.9944 205.1801 205.4199 205.5894 205.7537 205.9127 206.0663 206.2145 206.3574 206.4948 206.6383 206.7602 206.8768 206.9882 207.0944 207.1955 207.2914 207.3824 207.4681 207.5159 207.5878 207.6547 207.7169 207.7744 207.8271 207.8752
191.8659 192.3354 192.7966 193.2503 194.2343 194.6495 195.0588 195.4618 195.8586 196.2488 196.6321 197.0082 197.3768 198.0676 198.4057 198.7369 199.0613 199.3789 199.6898 199.9942 200.2922 200.7983 201.0742 201.3447 201.6098 201.8699 202.125 202.375 202.6201 202.8603 203.2248 203.4483 203.6671 203.8813 204.0909 204.2956 204.4955 204.6905 204.9513 205.1303 205.4734 205.6373 205.7961 205.9497 206.0979 206.241 206.3787 206.5232 206.6455 206.7625 206.8744 206.9812 207.0829 207.1795 207.2711 207.3295 207.4069 207.4796 207.5475 207.6106 207.6689 207.7225 207.7715 207.8159
192.0567 192.5083 192.9507 193.9339 194.3385 195.1305 195.5183 195.9007 196.2773 196.6481 197.0128 197.7145 198.0504 198.3802 198.7038 199.0213 199.3325 199.6376 199.9367 200.2297 200.7296 201.0012 201.2677 201.529 201.7855 202.0372 202.2841 202.5263 202.899 203.1247 203.3459 203.5627 203.775 203.9828 204.186 204.3846 204.6549 204.838 205.0163 205.1897 205.3582 205.5217 205.6802 205.8336 205.9819 206.2803 206.4081 206.5309 206.6484 206.7609 206.8682 206.9704 207.0677 207.1369 207.22 207.2981 207.3714 207.4401 207.5041 207.5633 207.6179 207.6678 207.6521 207.6893
192.6777 193.6567 194.0536 194.4438 194.8282 195.207 195.5808 195.9496 196.3133 197.0424 197.3797 198.0385 198.3598 198.6756 198.9858 199.2904 199.5893 199.8826 200.3912 200.6633 200.9305 201.1928 201.4503 201.7031 201.9512 202.1949 202.5752 202.8027 203.0259 203.2449 203.4596 203.6699 203.8759 204.0774 204.2745 204.5433 204.7255 204.9029 205.0756 205.2436 205.4066 205.5648 205.718 205.894 206.0321 206.1652 206.2934 206.4164 206.5345 206.6474 206.7553 206.956 207.0266 207.1105 207.1894 207.2636 207.3329 207.3976 207.4578 207.5132 207.5076 207.5503 207.5885 207.6222
193.7827 194.1676 194.5456 194.9174 195.2838 195.645 196.0014 196.3532 197.0624 197.3899 197.7126 198.0305 198.3435 198.6514 198.9542 199.2518 200.0602 200.3321 200.5994 200.862 201.1199 201.3734 201.6225 201.8671 202.1074 202.483 202.7077 202.9285 203.145 203.3575 203.5658 203.7699 203.9698 204.247 204.4325 204.6136 204.7902 204.9622 205.1296 205.2921 205.4499 205.6028 205.7792 205.9173 206.0505 206.1788 206.3022 206.4206 206.534 206.6425 206.7329 206.8271 206.9164 207.001 207.0807 207.1557 207.2914 207.3523 207.4086 -9999 -9999 -9999 -9999 -9999
194.2738 194.641 195.002 195.3574 195.7076 196.0531 196.7603 197.083 197.4012 197.7151 198.0246 198.3295 198.6298 198.9253 199.2162 199.7374 200.0083 200.275 200.5372 200.7952 201.0488 201.2982 201.7845 202.1664 202.3922 202.614 202.8321 203.0463 203.2565 203.4628 203.665 203.8632 204.1383 204.3225 204.5025 204.6781 204.8494 205.0161 205.1781 205.3355 205.5216 205.6646 205.8028 205.9362 206.0646 206.1882 206.307 206.4209 206.5298 -9999 -9999 -9999 -9999 -9999 -9999 -9999 -9999 -9999 -9999 -9999 -9999 -9999 -9999 -9999
194.729 195.0802 195.4259 195.7665 196.1022 196.7879 197.102 197.4119 197.7177 198.0192 198.3166 198.6095 198.898 199.4229 199.6924 199.9579 200.2192 200.4765 200.7298 200.9791 201.2244 201.4657 201.853 202.0795 202.3023 202.5214 202.7368 203.1566 203.3607 203.5611 203.8433 204.0302 204.2131 204.392 204.5666 204.737 204.9031 205.0646 -9999 -9999 -9999 -9999 -9999 -9999 -9999 -9999 -9999 -9999 -9999 -9999 -9999 -9999 -9999 -9999 -9999 -9999 -9999 -9999 -9999 -9999 -9999 -9999 -9999 -9999
195.1519 195.4885 195.8202 196.502 196.8123 197.1185 197.4208 197.719 198.0131 198.3033 198.5894 199.116 199.3838 199.6478 199.908 200.1643 200.4167 200.6655 200.9104 201.1516 201.5434 201.7701 201.9934 202.2132 202.4295 202.6422 202.8516 203.0573 -9999 -9999 -9999 -9999 -9999 -9999 -9999 -9999 -9999 -9999 -9999 -9999 -9999 -9999 -9999 -9999 -9999 -9999 -9999 -9999 -9999 -9999 -9999 -9999 -9999 -9999 -9999 -9999 -9999 -9999 -9999 -9999 -9999 -9999 -9999 -9999
195.5455 196.2234 196.5301 196.8329 197.1317 197.4268 197.718 198.0053 198.2888 198.5684 199.0817 199.3442 199.603 199.858 200.1094 200.3572 200.6014 200.8422 -9999 -9999 -9999 -9999 -9999 -9999 -9999 -9999 -9999 -9999 -9999 -9999 -9999 -9999 -9999 -9999 -9999 -9999 -9999 -9999 -9999 -9999 -9999 -9999 -9999 -9999 -9999 -9999 -9999 -9999 -9999 -9999 -9999 -9999 -9999 -9999 -9999 -9999 -9999 -9999 -9999 -9999 -9999 -9999 -9999 -9999
195.9519 196.2549 196.5542 196.8498 197.4298 197.7143 197.9951 198.2723 -9999 -9999 -9999 -9999 -9999 -9999 -9999 -9999 -9999 -9999 -9999 -9999 -9999 -9999 -9999 -9999 -9999 -9999 -9999 -9999 -9999 -9999 -9999 -9999 -9999 -9999 -9999 -9999 -9999 -9999 -9999 -9999 -9999 -9999 -9999 -9999 -9999 -9999 -9999 -9999 -9999 -9999 -9999 -9999 -9999 -9999 -9999 -9999 -9999 -9999 -9999 -9999 -9999 -9999 -9999 -9999
-9999 -9999 -9999 -9999 -9999 -9999 -9999 -9999 -9999 -9999 -9999 -9999 -9999 -9999 -9999 -9999 -9999 -9999 -9999 -9999 -9999 -9999 -9999 -9999 -9999 -9999 -9999 -9999 -9999 -9999 -9999 -9999 -9999 -9999 -9999 -9999 -9999 -9999 -9999 -9999 -9999 -9999 -9999 -9999 -9999 -9999 -9999 -9999 -9999 -9999 -9999 -9999 -9999 -9999 -9999 -9999 -9999 -9999 -9999 -9999 -9999 -9999 -9999 -9999
-9999 -9999 -9999 -9999 -9999 -9999 -9999 -9999 -9999 -9999 -9999 -9999 -9999 -9999 -9999 -9999 -9999 -9999 -9999 -9999 -9999 -9999 -9999 -9999 -9999 -9999 -9999 -9999 -9999 -9999 -9999 -9999 -9999 -9999 -9999 -9999 -9999 -9999 -9999 -9999 -9999 -9999 -9999 -9999 -9999 -9999 -9999 -9999 -9999 -9999 -9999 -9999 -9999 -9999 -9999 -9999 -9999 -9999 -9999 -9999 -9999 -9999 -9999 -9999
