public/沉降量2015-2021（地形转栅格）/cjl2018.txt
ncols         346
nrows         239
xllcorner     104.24612109509
yllcorner     31.067832478695
cellsize      0.00084765149693467
NODATA_value  -9999
[rows 196 to 223 of 239, columns 128 to 191 of 346]
87.82479 87.72759 87.77419 89.14767 89.38072 89.71358 90.15651 90.66535 91.14978 91.67325 92.31346 94.31813 95.0034 95.64435 96.22501 96.74637 97.20907 97.60906 97.94585 98.23309 98.8027 98.99969 99.20578 99.37381 99.44994 99.49362 99.57245 99.69183 100.1553 100.4223 100.7318 101.0648 101.4035 101.7373 102.0665 102.4013 102.7508 103.367 103.6235 103.9926 104.3711 105.0424 105.9361 107.0235 108.3405 111.3956 113.1952 115.1269 117.1789 119.3438 121.614 126.3698 128.7497 131.1496 136.7199 139.8703 143.0879 146.3198 149.5524 152.7971 156.0715 159.3797 165.2046 168.2718
89.05096 90.3008 90.33475 90.43946 90.61546 90.88731 91.28316 91.75575 92.06976 92.40465 93.6932 94.3652 95.05817 95.74147 96.37263 96.92747 97.82889 98.1758 98.81609 98.99489 99.00288 99.16173 99.33814 99.48753 99.59034 99.67671 99.78796 100.2119 100.4675 100.7729 101.1132 101.4674 101.8138 102.1387 102.4448 103.0905 103.3916 103.6967 103.9745 104.0811 104.8061 105.7833 106.9394 109.6402 111.2569 113.0014 114.8721 116.868 118.9865 121.2227 123.573 126.0446 130.864 133.6457 136.5603 139.666 146.1385 149.3757 152.58 155.7564 161.5971 164.492 167.3131 170.0276
91.67947 91.66058 91.68602 91.74036 91.83167 91.99779 92.31805 92.83317 93.82985 94.08072 94.57037 95.18532 95.8497 96.51118 97.10853 97.6012 98.01269 98.7773 98.99446 99.00253 99.12228 99.18127 99.45262 99.59612 99.72419 100.0396 100.247 100.5017 100.8074 101.1564 101.5312 101.9073 102.258 103.0105 103.2019 103.4041 103.6912 103.9811 104.3092 104.7548 105.6416 106.8076 109.5788 111.1786 112.8796 114.6842 116.6041 118.654 120.8403 123.1527 127.6055 130.2827 133.276 136.3699 139.5394 142.7853 146.0613 149.3126 152.5002 158.6272 161.4489 164.1402 169.1402 171.4206
92.95987 92.96384 92.9711 92.97511 92.97842 93.00024 93.12521 94.46289 94.74634 95.05269 95.4872 96.02866 96.63864 97.26764 97.81816 98.69032 98.83498 98.99995 99.12899 99.16028 99.23193 99.30695 99.41924 99.65892 99.82971 100.0215 100.242 100.8133 101.1716 101.5661 101.9762 102.3758 103.2259 103.4888 103.5826 103.6936 103.9755 104.1022 104.7863 105.6432 108.1622 109.6242 111.205 112.8727 114.6176 116.4502 118.3963 120.4893 122.7504 127.3029 129.8486 132.7875 136.0067 139.3374 142.7012 146.0578 149.3637 155.9071 158.8623 161.6277 164.2015 166.5897 168.8132 170.8658
94.11987 94.08028 94.06107 94.04518 94.03348 95.08173 95.20808 95.43472 95.69579 95.99436 96.3676 96.81912 97.35085 98.46811 98.97293 99.00085 99.00092 99.09944 99.18729 99.23779 99.30389 99.39078 99.58624 99.75889 99.96091 100.1931 100.4621 100.7766 101.1411 101.5504 102.4006 102.8547 103.2769 103.9806 103.9984 104.0449 104.4531 104.9315 105.7804 108.4112 109.8348 111.3873 113.0269 114.7286 116.4886 118.325 120.2756 124.4266 126.7754 129.3888 132.3416 135.5999 139.0497 142.565 146.0598 153.0278 156.2577 159.269 162.0461 164.5883 166.8917 168.9602 170.8592 172.5657
95.18127 95.08281 95.03445 95.90526 95.95644 96.05067 96.19421 96.38985 96.61832 96.8782 97.17566 97.50819 98.29102 98.70773 99.00151 99.08376 99.09891 99.1488 99.20764 99.265 99.35895 99.4903 99.66078 99.86769 100.1081 100.383 100.6985 101.0618 101.4754 102.2954 102.7906 103.2304 103.5824 103.9823 104.2791 104.5065 104.8142 106.6365 108.8499 110.2357 111.7572 113.3717 115.0462 116.7643 118.5294 122.6533 124.6193 126.7868 129.2115 131.9315 135.2456 138.7839 142.4194 146.0549 153.3285 156.6754 159.7823 162.6168 165.1697 167.4614 169.4851 171.2188 174.6993 176.0393
96.35442 96.11897 96.76484 96.66555 96.79443 96.9323 97.09398 97.26971 97.46267 97.67839 98.55939 98.72432 98.96686 98.99886 99.05171 99.0957 99.11813 99.15163 99.19938 99.2551 99.37468 99.53997 99.7495 99.99765 100.2795 100.5952 100.9503 101.643 102.1158 102.6325 103.155 103.5775 103.7462 104.0325 104.5884 106.1045 107.0717 108.1697 109.4113 110.799 112.3109 113.913 115.5735 117.273 123.3464 125.2908 127.34 129.67 132.3532 135.3559 138.7796 142.4183 150.0994 153.7093 157.1527 160.3602 163.2846 165.8866 168.1536 170.1577 171.8958 175.1748 176.4753 177.7257
97.80466 97.65768 97.45992 97.2905 97.3815 97.53323 97.70717 97.88181 98.62056 98.8147 98.99248 99.0029 99.11816 99.09087 99.03334 99.06949 99.09714 99.103 99.15669 99.2545 99.40623 99.61317 99.86899 100.1631 100.4865 101.1202 101.5145 101.9367 102.4009 102.9178 103.4735 103.9689 104.0233 104.486 106.2138 107.3611 108.6135 109.9713 111.4343 112.9922 114.6216 116.2955 120.6462 122.4129 124.2464 126.2198 128.3433 130.5413 133.1497 139.2755 142.7636 150.6382 154.2343 157.7179 160.9946 163.9943 166.6827 169.0057 170.9031 174.728 175.8818 177.0461 178.2063 179.3512
98.42401 98.35335 98.10118 97.85407 97.99022 98.16624 98.35021 98.99256 99.00024 98.99947 99.00115 99.10606 99.13273 99.16748 99.1344 99.08436 99.07498 99.09261 99.15495 99.27786 99.46937 99.72612 100.0354 100.3797 101.0668 101.4634 101.8569 102.2551 102.6708 103.1285 103.6062 103.9949 105.1062 106.2338 107.5249 108.9351 110.4405 112.0318 113.6982 115.4177 117.1604 121.741 123.5334 125.3627 127.2752 129.4187 131.7824 134.3005 137.1188 144.6019 147.9694 151.4439 154.9487 158.3973 161.6944 167.4576 169.8634 174.3178 175.6179 176.757 177.7915 178.8181 179.8522 180.8907
98.99681 98.97586 98.65342 98.36265 98.53069 98.99909 99.00101 99.11092 99.13297 99.12082 99.10953 99.14651 99.16605 99.17622 99.15865 99.13116 99.1049 99.08519 99.10265 99.18063 99.57608 99.89177 100.5617 101.0258 101.4726 101.8858 102.2791 102.655 103.019 103.4729 103.952 105.2853 106.3574 107.6929 109.1978 110.8214 112.537 114.3303 116.1826 120.8886 122.8692 124.7956 126.657 128.6049 130.6278 133.0183 135.621 142.7263 145.8507 149.1167 152.4735 155.8577 159.2022 162.443 165.4991 168.2585 173.3027 174.9908 176.4021 177.5613 179.5182 180.4446 181.3785 182.323
99.19679 99.15247 98.99957 98.97404 99.0359 99.06013 99.07338 99.12521 99.14413 99.13809 99.13066 99.14291 99.1479 99.17123 99.17348 99.1545 99.12721 99.11073 99.13844 99.24043 99.58412 99.94436 100.4058 100.9331 101.4736 101.969 102.8032 103.1901 103.4919 104.8642 105.7368 106.7417 108.0179 109.5239 111.1956 112.986 114.8681 119.474 121.6384 123.8481 125.952 128.029 129.9873 132.1415 134.4353 136.9974 144.1055 147.1686 150.3585 153.6296 156.9174 160.1473 163.2561 166.2134 171.8786 173.8795 175.5377 176.9793 178.21 179.259 180.1913 181.0627 181.9164 184.0432
99.25711 99.15574 99.11279 99.03836 99.00044 99.03029 99.0562 99.08855 99.1053 99.10825 99.09795 99.11893 99.17267 99.21136 99.22169 99.20547 99.17817 99.16703 99.20966 99.48946 99.78084 100.2061 100.7473 101.366 101.9986 102.5516 102.9649 104.0133 104.6304 105.241 106.1333 108.4992 109.9771 111.6447 113.4601 115.3832 120.0675 122.216 124.4564 126.8315 129.0386 131.2944 133.5514 135.9391 142.637 145.5016 148.4997 151.6132 154.8077 158.0271 161.1904 164.2012 166.9817 172.3898 174.1457 175.8975 177.3988 178.6857 179.793 180.7585 181.6291 183.702 184.4558 185.2034
99.53563 99.35682 99.21065 99.10266 99.0341 99.01374 99.0248 99.04764 99.06433 99.07422 99.13754 99.20728 99.27338 99.31715 99.3273 99.30723 99.27676 99.4362 99.50661 99.69694 100.0333 100.5174 101.1281 101.8304 102.5684 103.2039 104.0778 104.7327 105.5837 106.5367 107.6803 109.0068 110.5026 112.1704 116.5392 118.6278 120.7748 125.0607 127.2155 129.5425 132.0846 134.675 137.2616 144.0092 146.8846 149.8318 152.8599 155.9565 159.0887 162.1964 165.1862 171.2355 173.1465 174.8398 176.3272 177.7665 179.0642 180.2071 181.2121 183.3451 184.1186 184.8538 185.568 186.2724
100.1462 99.8517 99.60025 99.23019 99.12032 99.0618 99.04097 99.12965 99.15327 99.2059 99.29256 99.38399 99.46187 99.50713 99.511 99.48141 99.70358 99.69178 99.76945 99.98286 100.358 100.8887 101.5394 102.2752 103.375 104.0038 104.6875 105.6504 106.7888 108.0479 109.4518 111.007 115.1015 117.1197 119.2575 121.5005 123.7966 126.0103 128.1985 130.2843 132.6219 139.4505 145.3264 148.2462 151.1722 154.124 157.1053 160.1041 163.0935 169.3576 171.758 173.797 175.4756 176.9347 178.2359 179.4569 180.5802 181.5961 183.7198 184.4974 185.2275 185.9249 186.6017 187.2662
100.7184 100.3318 99.98115 99.68457 99.45468 99.29182 99.43904 99.35365 99.35281 99.43094 99.54633 99.66599 99.75871 99.80388 100.2182 100.1575 100.0923 100.0709 100.1488 100.3787 100.7894 101.3618 102.7156 103.2914 103.9255 104.4305 105.5528 106.859 108.2766 109.7964 111.4362 115.5998 117.6799 119.8588 122.1441 124.5439 127.0463 129.3795 131.732 138.2875 140.9845 143.8326 146.7473 149.6632 152.561 155.4443 158.3163 161.1663 169.9421 172.1864 174.0631 175.8713 177.4063 178.7258 179.8962 180.9723 183.2418 184.076 184.8527 185.5805 186.2696 186.93 187.5703 188.1969
101.4998 100.9886 100.5082 100.1067 100.2857 100.0282 99.84663 99.72305 99.66655 99.68854 99.78584 99.93369 100.6786 100.8073 100.8122 100.736 100.6563 100.6214 100.6901 100.9268 101.376 102.9072 103.74 104.2564 105.0221 105.8488 107.0671 108.5088 110.0924 114.0453 116.0486 118.2032 120.4747 122.8111 125.2276 127.7246 130.3586 133.0388 140.016 142.8159 145.6066 148.4286 151.2621 154.0796 156.8692 159.6275 166.1403 168.524 170.691 172.7576 174.6204 176.2462 177.7703 180.3106 181.3722 183.6021 184.4263 185.1967 185.9199 186.6029 187.2529 187.8771 188.4818 189.8945
102.4878 101.7934 101.8888 101.3182 100.9224 100.6549 100.4496 100.2776 100.1768 100.1812 100.2937 101.2095 101.4774 101.6317 101.666 101.6218 101.5394 101.4541 101.4063 102.7064 103.1823 104.025 104.9689 105.778 106.6981 107.738 109.0269 110.5286 114.5644 116.5135 118.6759 121.0345 123.5366 126.0563 128.6578 131.3042 138.6049 141.6952 144.6917 147.5748 150.3702 153.1107 155.8076 158.4605 161.0702 167.3595 169.6135 171.7251 173.4799 175.2027 176.7794 178.1951 179.5011 182.1214 183.077 183.9559 184.7711 185.5332 186.2496 187.5679 188.1806 189.6074 190.1441 190.666
103.5757 103.3464 102.6802 102.1096 101.7346 101.4976 101.2821 101.0365 100.8668 101.6676 101.8026 102.1171 102.507 102.6926 102.7253 102.687 102.6221 102.5537 104.0108 104.0302 104.1712 104.6233 105.601 106.6729 108.7697 109.9397 113.7804 115.3531 117.1504 119.2046 121.5273 124.1004 126.8922 129.6416 136.8377 140.1081 143.3783 146.567 149.6067 152.473 155.1808 157.7682 160.2673 166.6723 168.742 170.6976 172.6363 174.3966 175.9301 177.3759 178.7157 181.5257 182.5218 183.4483 184.3095 185.112 185.8633 186.5704 187.2386 187.8723 189.325 189.8679 190.3903 190.8956
105.5811 104.4057 103.7627 103.108 102.7616 102.5868 102.3704 101.9972 102.7753 102.6854 102.8101 103.1757 103.7533 103.9775 104.0378 104.0467 105.8535 105.9156 105.9779 106.0882 106.3408 106.8788 107.7969 108.8729 112.5853 113.8 115.0968 116.5227 118.1361 119.9994 124.6553 127.3955 130.4066 138.0208 141.5507 145.0379 148.4262 151.648 154.6486 157.406 159.934 166.5584 168.4942 170.2974 172.0583 173.6115 175.226 176.72 178.0609 179.3021 182.0272 182.9665 183.8487 184.6779 185.4576 186.1918 186.8851 187.5416 189.0292 189.5843 190.1158 190.6261 191.1179 191.594
107.4695 106.1011 105.1379 104.3495 104.0391 103.9152 104.9375 104.3336 104.0599 103.9951 104.0698 104.3573 104.987 105.4038 107.51 107.7619 107.9524 108.1115 108.2763 108.503 108.8765 109.4879 110.3745 114.2558 115.4572 116.7403 118.1033 119.5898 121.267 123.2143 125.5283 132.417 135.6991 139.2561 142.9411 150.223 153.6404 156.8135 159.6908 162.2545 168.7722 170.436 172.0513 173.4624 174.8943 176.2223 177.5438 178.7955 181.6469 182.5775 183.4553 184.2853 185.0718 185.8181 186.5264 187.1991 187.8389 189.2906 189.8316 190.3503 190.8485 191.3282 191.7915 192.2407
111.708 108.2376 107.0711 106.2039 107.7272 107.2026 106.6926 106.1798 105.8915 105.8063 105.8923 106.1848 106.6998 109.22 109.6165 109.9491 110.2302 110.4855 110.7551 111.096 111.5772 115.1501 116.141 117.3184 118.6374 120.0505 121.5306 123.1257 124.9101 126.957 134.0991 137.3404 140.8318 144.4984 148.2459 151.965 155.5434 158.8818 166.7455 169.0966 171.0905 173.7862 175.0682 176.2477 177.4065 178.5191 181.4466 182.3295 183.1769 183.986 184.758 185.4952 186.2 186.8742 187.519 189.0031 189.5472 190.0705 190.5737 191.0582 191.5253 191.9765 192.4135 193.3897
114.5378 112.4159 110.7092 111.9998 110.899 110.0779 109.4329 108.4107 108.1168 108.0109 108.0871 110.7322 111.0774 111.4815 111.8849 112.2613 112.6106 112.952 113.3223 113.7746 117.2719 118.196 119.3382 120.6949 122.2294 123.8745 125.5493 127.3282 134.7163 137.1676 139.9244 143.1 146.5304 150.1201 153.7763 157.3893 165.8496 168.6407 171.0673 172.9595 174.5177 175.7172 176.7215 177.7148 178.6721 181.5386 183.0747 183.8262 184.5576 185.265 185.9473 186.605 187.2388 188.747 189.2838 189.803 190.3049 190.7897 191.2582 191.7111 192.1493 192.5743 193.5172 193.8995
117.6305 118.468 116.4455 114.8673 113.6543 112.7245 111.9941 111.4001 110.9312 110.6202 113.1591 113.1383 113.5436 113.8911 114.2745 114.6688 115.0698 115.4919 118.7762 119.5084 120.4164 121.5401 122.905 124.5287 126.3864 128.3943 136.1612 138.5685 141.0649 143.6353 146.3715 149.3542 152.5473 155.8918 159.3041 167.555 170.3449 172.6267 174.5486 176.0883 177.3355 178.3304 179.1759 181.8887 182.5487 183.2048 183.8607 184.5152 185.1639 185.8016 186.4248 187.0315 189.0652 189.5699 190.0609 190.5382 191.0018 191.4518 191.8886 192.3127 193.2561 193.6359 194.0075 194.3716
124.7498 121.9648 119.7593 118.0394 116.7085 115.6752 114.861 114.2103 116.7484 116.3136 116.0437 115.9409 115.9943 116.1789 116.4609 116.8104 120.0091 120.5211 121.9259 122.8657 124.0162 125.4094 127.0607 129.0198 131.2808 140.0075 142.7514 145.4027 147.9928 150.5294 153.0849 155.7506 158.5698 166.7472 169.2401 171.7241 173.9295 175.7871 177.3397 178.6056 179.6366 180.4817 182.8998 183.4969 184.0739 184.6454 185.2166 185.7881 186.3571 186.92 188.4199 188.9092 189.3897 189.8607 190.3217 190.7724 191.2125 192.0607 192.4691 193.3797 193.7475 194.1081 194.4621 194.8098
129.0224 125.9504 123.5255 121.6345 120.1592 119.0007 121.7728 120.8911 120.1658 119.6046 119.2223 119.0184 118.9777 119.0761 119.2895 122.8473 123.2738 123.8741 124.6725 125.6762 126.8882 128.3573 130.1093 141.0891 143.9959 146.9575 149.8371 152.5715 155.1335 157.4937 159.7221 161.9463 169.3704 171.3109 173.1869 175.083 176.8141 178.3138 179.584 180.6409 183.0727 183.7313 184.317 184.8595 185.3808 185.8933 186.4034 186.9125 188.3654 188.8205 189.2708 189.7153 190.1532 190.584 191.0072 191.4228 191.8304 192.77 193.1374 193.4986 193.8538 194.203 194.8846 195.2175
134.0909 130.6631 127.9566 125.8446 124.1755 127.4217 126.1426 125.0597 124.1294 123.388 122.8615 122.5426 122.4048 126.4777 126.5707 126.8289 127.29 128.0083 129.0297 130.3479 131.898 133.7548 142.9338 145.5704 148.3579 151.2614 154.1794 157.0122 162.0794 164.138 171.2813 172.4096 173.587 174.9804 176.3983 177.8245 179.1666 180.3684 182.9381 183.7065 184.3825 184.9815 185.5234 186.0275 186.5096 186.9802 187.445 188.7871 189.2072 189.6232 190.0349 190.4419 190.8439 191.2406 191.6317 192.5605 192.9161 193.2674 193.614 193.9561 194.2935 194.6263 194.9544 195.2781
140.2987 136.3732 133.3184 137.2114 134.8651 132.9987 131.4587 130.1032 128.879 127.901 127.2069 132.0234 131.7097 131.5872 131.6415 131.8957 132.4077 133.261 134.5463 136.3026 145.5093 147.8661 150.3931 153.0351 155.7538 158.4825 161.1781 163.7892 171.5395 173.1126 174.3546 175.316 176.1354 176.9775 178.9956 180.0658 181.105 183.5057 184.2363 184.9046 185.5108 186.0618 186.5683 187.0424 187.4945 188.7738 189.175 189.5689 189.9572 190.341 190.7208 191.0967 191.4687 191.8366 192.7198 193.0583 193.3937 193.726 194.0548 194.3803 194.7021 195.0202 -9999 -9999
147.199 150.4079 147.1859 144.4165 141.9911 139.9055 138.0513 136.319 134.6859 133.4414 139.3702 138.6923 138.2903 138.1162 138.159 138.4475 139.0452 140.0325 148.9795 150.8797 153.0571 155.4066 157.8328 160.3017 162.786 165.1609 167.4434 174.1208 175.525 176.6906 177.6181 178.349 178.9752 179.6067 180.3157 182.7909 183.4331 184.0913 184.7418 185.9555 186.5039 187.0131 187.4881 187.9355 189.132 189.5198 189.8964 190.2646 190.6266 190.9838 191.3372 191.6872 -9999 -9999 -9999 -9999 -9999 -9999 -9999 -9999 -9999 -9999 -9999 -9999
