public/沉降量2015-2021（地形转栅格）/cjl2019.txt
ncols         346
nrows         239
xllcorner     104.24612109509
yllcorner     31.067832478695
cellsize      0.00084765149693467
NODATA_value  -9999
[rows 56 to 83 of 239, columns 128 to 191 of 346]
75.72476 75.46721 74.81721 74.44824 74.04323 73.60339 73.12599 72.6174 72.08732 71.56038 70.6131 70.27693 69.8962 69.41588 68.85168 68.24702 67.59641 66.91773 65.00504 64.16798 63.28782 62.35643 61.37578 60.34846 59.23779 58.02915 56.72406 53.79196 52.25369 50.78357 49.41499 48.12627 46.89957 45.87822 44.87231 42.78556 41.85349 41.00778 39.57431 38.97718 38.45386 37.98311 37.55818 37.19731 36.32289 36.06035 35.96371 35.78395 35.69588 35.5973 35.51059 35.43731 35.20996 35.23335 35.30086 35.39365 35.50273 35.68098 36.0032 36.60105 37.43801 38.65144 39.88721 41.2075
75.42055 75.1358 74.44045 74.03692 73.60445 73.1478 72.6638 72.15524 71.231 70.69527 70.16917 69.89615 69.40996 68.79602 68.10089 67.36174 66.59323 64.66391 63.79793 62.91671 62.007 61.05438 60.05507 59.04295 57.92739 55.27967 53.8712 52.37294 50.879 49.47675 48.22041 47.06847 45.97293 44.8788 42.76284 41.68279 40.70149 39.83123 39.08037 38.44661 37.9171 37.49081 36.40856 36.10912 35.94074 35.7403 35.62077 35.49937 35.42152 35.35252 35.0568 35.02026 35.00853 35.05118 35.12094 35.21 35.35475 35.58974 35.99664 36.7307 37.70893 38.87659 40.17847 41.56176
75.15023 74.82061 74.44949 74.04198 73.60812 73.15781 72.69836 71.79752 70.88669 70.39563 69.9014 69.3909 68.7639 68.03122 67.22795 65.32559 64.40398 63.49182 62.58993 61.68545 60.76205 59.79706 58.7528 57.73879 55.20935 53.87331 52.45255 50.98083 49.53239 48.19547 47.07024 46.05626 43.94377 42.82069 41.67442 40.58186 39.58814 38.71952 37.99692 37.42447 36.15824 36.00226 35.90265 35.67659 35.55491 35.48849 35.36758 35.2705 35.19056 34.83995 34.81154 34.81066 34.83318 34.8892 34.97004 35.08265 35.25329 35.53106 36.02586 36.84912 37.91253 39.15183 40.51539 41.95871
74.86023 74.48439 74.06902 73.62399 73.16376 72.23155 71.77243 71.33757 70.92989 70.48062 69.96242 69.36681 68.70581 67.12843 65.15959 64.19997 63.24174 62.30075 61.38302 60.47033 59.55204 58.6214 56.31445 55.11521 53.8388 52.49295 51.08963 49.65821 48.24958 46.93759 44.80799 43.79509 42.76678 41.67388 40.564 39.49959 38.53065 37.69373 37.02493 35.89472 35.59763 35.44626 35.35275 35.21759 35.11673 35.05245 34.97554 34.55548 34.53894 34.54302 34.56224 34.58987 34.61141 34.66707 34.75226 35.01184 35.27723 35.64486 36.16225 37.06818 38.20132 39.49574 40.90625 42.3982
74.55264 74.1272 73.66992 73.1912 72.24588 71.7523 71.27458 70.81639 70.43254 69.94847 69.33092 68.62541 66.83976 65.92719 64.98029 64.0104 63.03191 62.05632 61.09775 59.25113 57.06963 56.07565 54.95867 53.75153 52.48071 51.16167 49.80701 48.44415 47.11303 44.82922 43.71414 42.65408 41.60282 40.53721 39.47916 38.47297 37.56358 36.05283 35.59237 35.33032 35.09717 34.94895 34.85253 34.76166 34.68979 34.63762 34.22861 34.22318 34.23661 34.26838 34.31281 34.37264 34.42725 34.55504 34.66021 34.8504 35.09553 35.43439 35.90775 36.51624 37.4412 39.92345 41.89293 43.42815
74.21205 73.74551 72.82639 72.30585 71.78619 71.27524 70.7775 70.24219 69.85374 69.25037 67.54851 66.64294 65.70505 64.75048 63.78722 62.81937 61.84679 60.86799 59.89156 57.79784 56.81558 55.79282 54.72822 53.5907 52.39313 49.88754 48.59987 46.23959 44.99919 43.77779 42.62069 41.52683 40.47324 39.44714 38.45964 37.53876 36.014 35.45748 35.06914 34.82035 34.62389 34.48852 34.39847 34.33 33.90993 33.89976 33.90584 33.93085 33.97704 34.04397 34.1296 34.23125 34.31515 34.49721 34.69581 34.92905 35.22634 35.61989 36.1212 36.88774 37.88971 39.65895 41.03428 42.51404
73.4007 72.8989 72.38103 71.85519 71.32558 70.8027 70.34807 69.81493 69.16864 67.39074 66.43298 65.45246 64.46843 63.49578 62.5418 61.60419 60.66569 58.60879 57.64902 56.63321 55.57832 54.49666 53.38737 52.24191 51.06684 49.87264 47.49065 46.34522 45.23695 43.96803 42.71429 40.42595 39.39661 38.43096 36.71966 36.01851 35.42446 34.94995 34.60249 34.361 34.18111 34.06385 33.62526 33.59299 33.58449 33.59737 33.63152 33.68921 33.77193 33.87897 34.00761 34.13986 34.3447 34.56328 34.79809 35.07069 35.4225 35.90784 36.50752 37.88412 39.01759 40.29999 41.70712 43.21513
72.92545 72.42467 71.90638 71.38138 70.84241 70.25761 69.79739 68.18987 67.23834 66.22813 65.19297 64.16154 63.15181 62.17643 61.24639 60.36213 58.23827 57.42662 56.43888 55.38107 54.28971 53.17955 52.05733 50.92344 48.53753 47.44506 46.35859 45.25068 44.10184 42.85488 41.6114 40.43924 38.37399 37.49627 36.73193 36.05073 35.46159 34.52273 34.19867 33.96425 33.79689 33.36471 33.31187 33.29511 33.30717 33.34555 33.41046 33.50348 33.62556 33.73113 33.95046 34.18832 34.43906 34.70036 34.97529 35.27774 35.65018 36.15564 37.47237 38.49689 39.68088 41.00151 42.44099 43.98497
72.40111 71.90044 71.37604 70.85357 70.35287 69.75945 68.04446 67.06967 66.02258 64.94022 63.85483 62.79475 61.77608 60.80265 58.48173 57.70686 56.88789 56.03782 55.06882 54.02452 52.94193 51.84296 49.43855 48.38176 47.32513 46.28977 45.30342 44.15416 42.95453 41.71537 40.50299 38.38197 37.4819 36.73582 36.13392 35.57773 35.04763 34.57112 34.16986 33.56002 33.33263 33.17824 33.0447 33.0446 33.07899 33.14515 33.24318 33.37388 33.50356 33.74168 34.00687 34.2925 34.59402 34.90897 35.24006 35.59333 36.51253 37.20557 38.09806 39.16887 40.39157 41.74542 43.21394 44.78321
72.29942 71.82475 71.30855 70.7443 69.33189 68.64034 66.84276 65.79436 64.6891 63.56333 62.44988 61.37911 58.9592 58.00067 57.09496 56.27057 55.43526 54.56054 53.60875 52.59618 51.55057 49.13993 48.15178 47.14762 46.12511 45.12129 44.10622 42.97776 41.78812 39.49849 38.42534 37.48882 36.72607 36.14708 35.81044 35.26408 34.73135 34.26111 33.58873 33.29142 33.07291 32.92733 32.84589 32.81876 32.83772 32.89693 32.88695 33.05833 33.51749 33.79854 34.10682 34.43808 34.7914 35.16952 35.91366 36.39726 37.01193 37.79394 38.75076 39.86816 41.12738 42.51411 44.01737 46.44782
71.67789 71.19775 69.90165 69.14319 68.33078 67.47964 66.54091 65.51771 64.42624 63.28986 62.13963 59.56858 57.55679 56.59338 55.67068 54.79796 53.93228 53.04272 52.10825 49.67573 48.72853 47.78853 46.88346 45.93206 44.93811 43.93407 42.89967 41.79366 39.5688 38.50764 37.53597 36.73559 36.14599 35.71751 35.36176 34.89458 34.07561 33.6627 33.31126 33.03366 32.83173 32.70127 32.63548 32.62681 32.53155 32.65191 32.81933 33.03069 33.283 33.57184 33.8921 34.23766 34.60664 35.20553 36.10743 36.73991 37.48872 38.37353 39.40368 40.57307 41.87164 44.07578 45.65261 47.33364
71.01076 69.78594 69.02631 68.13844 67.19626 66.22252 65.20395 64.13708 63.02525 60.49311 59.32681 58.17526 57.10726 56.12461 55.15599 54.2169 53.31193 52.42102 49.14465 48.25716 47.35082 46.44828 45.63002 44.70378 43.73302 42.74041 40.58628 39.5941 38.60605 37.65156 36.79119 36.15512 35.83991 35.39172 34.56393 34.13734 33.72272 33.34582 33.02681 32.77682 32.5987 32.49007 32.44613 32.31605 32.4197 32.57758 32.78554 33.03901 33.33275 33.66021 34.01511 34.56405 34.98044 35.42737 35.92157 36.44312 37.14111 37.98231 38.95438 40.05393 43.36091 44.8521 46.44758 48.21538
69.75109 68.96781 68.03851 67.02141 65.96948 64.9082 63.83621 61.37705 60.28745 59.16219 58.0001 56.8465 55.75199 54.72049 53.72723 52.77065 50.43179 49.52052 48.6214 47.74626 46.91881 46.05635 45.19693 44.36129 41.35209 40.43786 39.52933 38.63882 37.78322 36.96435 36.2128 35.71505 35.38143 34.54623 34.13475 33.73034 33.34986 33.0118 32.73077 32.51512 32.36742 32.08736 32.10494 32.18611 32.32891 32.52921 32.7814 33.07899 33.4141 33.77854 34.34124 34.75945 35.18462 35.63299 36.10464 36.76294 37.56285 38.49185 40.14117 41.35995 42.6836 44.11425 45.65926 47.31161
68.96175 68.00549 66.93925 65.81725 64.68657 63.57105 61.13276 60.04077 58.98873 57.88267 56.7131 55.54296 54.4153 53.34606 50.978 50.01608 49.09871 48.19532 47.29587 46.42798 45.67271 44.83561 43.98723 41.9691 41.10932 40.24392 39.38862 38.5617 37.78705 36.46595 35.89428 34.95153 34.50682 34.08529 33.68163 33.30219 32.95837 32.66217 32.42304 32.24648 31.89914 31.89041 31.94696 32.06962 32.25699 32.50446 32.80448 33.14805 33.66328 34.09766 34.54701 34.98611 35.4233 35.91548 36.44582 37.16118 38.53902 39.59556 40.75997 42.02727 43.39504 44.86368 46.43187 48.17484
68.01399 66.91922 65.74812 64.554 62.07032 60.94122 59.85484 58.75835 57.74693 56.62756 55.44548 54.25438 53.09875 50.7011 49.67594 48.73735 47.86165 46.98673 46.09874 45.25663 44.46959 42.5211 41.69608 40.86843 40.04052 39.22465 38.43543 37.68822 37.00702 35.92066 35.452 34.95728 34.46986 34.01695 33.59534 32.85567 32.55128 32.29964 31.78156 31.69281 31.66361 31.69739 31.79784 31.96714 32.2041 32.50311 32.93095 33.37149 33.83316 34.30527 34.78164 35.23958 35.65848 36.1254 36.79279 38.1097 39.09531 40.1957 41.40177 42.71175 44.12662 45.65228 47.28025 50.00909
66.94131 65.73849 64.49525 61.96001 60.77872 59.68972 58.68829 57.65378 56.56225 55.40322 54.19959 51.75929 50.57111 49.4516 48.43016 47.52257 46.71639 45.88091 45.00379 43.08772 42.26115 41.44842 40.64254 39.84695 39.0647 38.3097 37.59956 36.94024 35.88973 35.40564 34.91056 34.41265 33.93024 33.48119 33.07212 32.70781 31.91735 31.70536 31.55167 31.45467 31.41383 31.5116 31.66069 31.88139 32.17238 32.5764 33.03498 33.52389 34.02839 34.53872 35.05144 35.5507 36.00471 37.00942 37.7707 38.67107 39.6942 40.82814 42.06807 43.41279 44.86245 46.41209 49.03697 50.97689
67.01146 64.55158 63.2244 61.92239 60.67559 58.44944 57.52969 56.48776 55.37169 53.00732 51.80402 50.59234 49.40543 48.27991 47.25722 46.36726 45.63851 44.80452 42.8987 42.0522 41.23016 40.43449 39.66038 38.90923 38.18203 37.49344 36.17888 35.81524 35.32252 34.81079 34.3012 33.80478 33.33395 32.90191 32.51804 31.65196 31.43193 31.27379 31.17398 31.12932 31.13907 31.20634 31.33772 31.44093 31.77679 32.18562 32.65514 33.70015 34.24144 34.78476 35.33459 35.89333 36.75593 37.48305 38.3198 39.2704 40.32969 41.49289 42.76218 44.14371 46.41245 48.1157 49.97433 51.98234
64.66034 63.28859 61.95045 60.66394 59.44393 58.29821 57.28091 56.32136 54.09948 53.00137 51.86102 49.51748 48.35257 47.23112 46.21654 45.35616 43.62335 42.76849 41.90863 41.06529 40.25482 39.48385 38.75011 38.05259 37.37924 36.03831 35.51373 35.08718 34.60936 34.10622 33.60524 33.1249 32.67911 31.61915 31.32758 31.10128 30.94038 30.84151 30.79942 30.81022 30.87382 30.80273 31.04829 31.36881 31.76691 32.23749 32.76508 33.32762 33.90135 34.47043 35.30669 35.89711 36.48415 38.00182 38.90725 39.90852 41.00352 42.19405 44.26124 45.70596 47.28473 49.04422 50.96366 53.03197
63.39554 62.01214 60.69582 59.4599 58.30552 57.20324 55.06228 54.0038 52.94283 51.86583 50.77153 49.66502 48.55425 47.44483 46.35061 44.65102 43.68264 41.86369 40.98735 40.14517 39.34772 38.60066 37.90596 36.54632 35.95605 35.34629 34.79209 34.29739 33.80359 33.30909 32.8288 31.57508 31.22158 30.92896 30.70208 30.54241 30.44787 30.41346 30.43307 30.50287 30.39618 30.63639 30.94431 31.32824 31.78991 32.32246 32.90776 33.52106 34.40697 35.03064 35.59646 36.16013 36.87785 37.68393 38.57196 39.54097 40.59123 42.49704 45.08623 46.54286 48.20839 50.03287 52.00724 54.12551
62.11378 60.74487 59.47007 58.30999 57.27668 55.03669 53.94242 52.87056 51.81692 50.77524 49.74155 48.71346 47.69283 45.93185 44.94746 43.92801 42.92872 41.96352 41.03423 40.14447 39.30439 37.77259 36.36185 35.8489 35.22339 34.57973 33.97887 33.4317 32.91805 32.43278 31.07635 30.72542 30.43834 30.21848 30.06707 29.98264 29.96095 29.99583 29.75077 29.94977 30.19733 30.50213 30.87455 31.32261 31.84689 32.4394 33.08126 33.99573 34.71736 35.40565 36.00425 36.63175 37.3903 38.25294 39.20078 40.95597 42.10393 43.32819 44.63405 46.01819 47.53612 49.23708 51.09933 53.11193
60.84775 59.51318 58.28238 56.09122 55.01226 53.916 52.82416 51.75945 50.72985 49.73399 48.76573 46.96607 46.07844 45.17425 44.21187 43.20586 42.19874 41.21546 40.27312 39.38049 37.85332 37.09435 36.45241 35.8012 35.12004 34.40618 33.70506 33.05637 30.91062 30.48064 30.12545 29.84381 29.63545 29.49933 29.43269 29.4309 29.48768 29.22346 29.45055 29.71907 30.03452 30.40596 30.84341 31.35402 31.937 32.74976 33.4826 34.24234 35.01944 35.79821 36.4392 37.14091 37.95779 39.53287 40.59499 41.72395 42.92222 44.19832 45.57134 47.01373 48.59662 50.33923 53.4287 55.49245
59.62972 57.3447 56.17056 55.03543 53.9227 52.8175 51.73225 50.68737 49.69392 48.75012 46.99744 46.19863 45.36012 44.45617 43.49361 42.49377 41.49018 40.50767 38.88669 38.00666 37.18203 36.38802 35.77039 35.02707 34.23844 33.44753 32.6946 30.84926 30.27232 29.802 29.42912 29.14577 28.94711 28.82895 28.81157 28.39709 28.62242 28.88752 29.18934 29.52955 29.91456 30.35333 30.85468 31.53511 32.21446 32.93758 33.69128 34.46146 35.23434 36.00405 36.78887 37.62632 39.15029 40.21973 41.34323 42.5249 43.76931 45.0785 46.47624 48.02634 50.85073 52.70754 54.67878 56.7589
57.41972 56.27076 55.12035 53.98137 52.85611 51.75085 50.68178 49.66798 47.81251 46.98864 46.22768 45.56807 44.69081 43.75142 42.77588 41.77995 40.78761 39.10771 38.18574 37.30769 36.51645 35.72337 34.90578 34.04286 33.16707 31.01729 30.23448 29.57512 29.04879 28.64719 28.35428 28.15899 28.0556 27.28207 27.4452 27.66895 27.94137 28.25311 28.59836 28.97581 29.84342 30.34884 31.01683 31.6896 32.40829 33.15855 33.9289 34.70623 35.47776 36.23956 37.66591 38.71476 39.80931 40.9451 42.12592 43.36279 44.66512 46.02923 47.50092 50.24366 52.04303 53.9584 55.98063 58.08995
57.72079 56.42462 55.23766 54.08028 51.81305 50.72043 49.67947 47.80024 46.96803 46.21678 45.50509 44.78483 43.92426 42.98775 42.01714 40.22174 39.26262 38.32317 37.39835 36.47156 35.65662 34.73561 33.78415 31.3877 30.43581 29.56795 28.81828 28.21998 27.77968 27.47891 27.28758 27.19276 26.38788 26.58664 26.85656 27.18018 27.54454 27.94093 28.36501 28.81723 29.27246 29.8619 30.49316 31.16944 31.88823 33.42303 34.21732 35.02406 35.84955 37.18478 38.24446 39.36346 40.52048 41.71078 42.94096 44.22702 45.59394 48.01129 49.6455 51.3901 53.24691 55.21606 57.29246 59.42928
56.71037 55.42529 54.21949 53.05261 51.91034 49.80009 48.7593 47.7966 46.92616 45.54596 44.77041 43.96472 43.08664 41.22975 40.26625 39.30188 38.34302 37.40257 36.48616 35.52356 34.501 33.44534 30.77094 29.75637 28.83544 28.01693 27.33082 26.82684 26.50925 26.34375 25.35086 25.45073 25.66623 25.9754 26.34914 26.76759 27.21851 27.6949 28.1943 28.68143 29.30049 29.95161 30.63929 31.36532 32.12679 32.91638 33.72858 34.93667 35.82722 36.73527 37.76843 40.07065 41.28048 42.51659 43.78565 46.03813 47.4881 49.06775 50.75674 52.54882 54.44306 56.43904 58.52603 60.7113
55.71098 54.42731 53.2101 51.03313 49.90157 48.8238 47.81314 46.88527 46.04852 45.31816 44.65008 43.88694 42.08724 41.17854 40.21605 38.23576 37.23834 36.24156 35.28106 34.17385 31.25756 30.05887 28.95407 27.99069 27.15853 26.43318 25.8324 25.45306 25.29396 24.42643 24.57772 24.73262 25.05653 25.47257 25.94044 26.4429 26.97107 27.41675 28.0497 28.70387 29.38268 30.08991 30.82771 31.5971 32.39597 33.53694 34.4174 35.32184 36.22418 37.25786 38.38612 39.5836 40.82198 42.08292 44.24213 45.61279 47.02039 50.16225 51.89501 53.72154 55.63929 57.6577 60.99332 63.18394
54.73238 53.43867 51.22775 50.04991 48.9262 47.8684 46.8863 45.98597 45.16781 44.42323 42.75465 41.94961 41.07508 40.12639 39.11093 38.05074 37.00372 35.92058 34.80957 31.87186 30.59035 28.09659 27.01532 26.15719 25.47915 24.9019 24.40356 23.14123 23.36098 23.7518 23.96842 24.15098 24.59545 25.10002 25.64011 26.05727 26.70678 27.37814 28.06923 28.7805 29.51329 30.27018 31.0508 31.85564 32.98114 33.85498 34.77037 35.74478 36.71304 37.81927 39.03009 40.30255 42.4036 43.76577 45.11545 46.49465 47.996 49.587 51.27424 53.0526 54.90982 58.07143 60.10291 64.37514
52.79273 51.49959 50.27069 49.09827 47.98277 46.94228 45.98478 45.09908 44.2821 42.61841 41.81533 40.96506 40.03842 39.02381 37.9251 36.74522 35.60225 32.62107 31.24446 29.8964 28.5713 27.28913 26.08384 25.04069 24.32274 22.19413 21.98555 22.07434 22.45135 22.95545 23.41589 23.88228 24.33402 24.85756 25.28282 25.9599 26.66635 27.39384 28.13976 28.90373 29.68538 30.48515 31.57492 32.42601 33.28505 34.15993 35.06886 36.04183 37.14346 38.36672 39.67697 41.76731 43.21597 44.64433 46.0371 47.47193 49.01377 50.65635 52.39535 55.37952 57.33095 59.30302 61.34259 63.43386
