public/沉降量2015-2021（地形转栅格）/cjl2016.txt
ncols         346
nrows         239
xllcorner     104.24612109509
yllcorner     31.067832478695
cellsize      0.00084765149693467
NODATA_value  -9999
[rows 196 to 223 of 239, columns 256 to 319 of 346]
140.5179 140.6035 140.7147 140.7917 140.8672 140.9412 141.014 141.0856 141.1563 141.2261 141.2253 141.2926 141.3596 141.4264 141.4932 141.5602 141.6272 141.6945 141.7621 141.7507 141.8189 141.8879 141.9577 142.0285 142.1004 142.1734 142.2476 142.2393 142.3158 142.3939 142.4735 142.5547 142.6375 142.7218 142.808 142.8959 142.8989 142.9904 143.0836 143.1788 143.2759 143.375 143.4759 143.6836 143.7011 143.8096 143.92 144.0323 144.1465 144.2625 144.3804 144.5002 144.6216 144.6521 144.7766 144.9026 145.0305 145.1598 145.2906 145.423 145.5566 145.5949 145.7307 145.8679
140.4237 140.5037 140.5819 140.6584 140.7332 140.8067 140.8788 140.9498 141.0889 141.0865 141.1532 141.2194 141.2852 141.3511 141.4171 141.4831 141.5494 141.5361 141.6026 141.6696 141.7374 141.806 141.8754 141.9459 142.0174 142.0902 142.0793 142.1543 142.2307 142.3086 142.388 142.469 142.5516 142.6358 142.6344 142.722 142.8114 142.9027 142.9958 143.0908 143.1877 143.2866 143.3874 143.4005 143.5048 143.6111 143.7193 143.8294 144.0554 144.1711 144.2887 144.3152 144.436 144.5585 144.6826 144.8084 144.9358 145.0647 145.1951 145.327 145.363 145.4972 145.6326 145.7692
140.3716 140.4491 140.5249 140.5992 140.672 140.7435 140.8138 140.8141 140.8812 140.9475 141.0134 141.0789 141.144 141.2739 141.3391 141.324 141.389 141.4545 141.5205 141.5871 141.6544 141.7226 141.7917 141.8619 141.8477 141.9199 141.9933 142.0682 142.1444 142.2222 142.3014 142.3822 142.3766 142.4605 142.5462 142.6336 142.7229 142.8141 142.9071 143.0019 143.0987 143.1074 143.2077 143.3099 143.4141 143.5201 143.6281 143.738 143.8498 143.9634 143.986 144.1029 144.2216 144.342 144.588 144.7134 144.8404 144.9689 145.002 145.133 145.2653 145.399 145.5339 145.67
140.3163 140.3913 140.465 140.5371 140.6079 140.6093 140.6764 140.7428 140.8084 140.8736 140.9382 141.0026 141.0668 141.1309 141.1144 141.178 141.2419 141.3064 141.3713 141.503 141.57 141.6379 141.6205 141.6901 141.7609 141.8329 141.9062 141.9809 142.057 142.1346 142.2136 142.2054 142.2875 142.3714 142.4569 142.5443 142.6335 142.7245 142.8174 142.8215 142.918 143.0164 143.1166 143.2186 143.3226 143.4284 143.5361 143.6458 143.6642 143.7773 143.8922 144.0088 144.1272 144.2473 144.3691 144.4926 144.5213 144.6476 144.7753 145.035 145.1669 145.3001 145.4346 145.5702
140.2578 140.3306 140.4021 140.4722 140.472 140.5384 140.604 140.669 140.7334 140.7973 140.8609 140.9243 140.9067 140.9693 141.032 141.095 141.1584 141.2222 141.2867 141.3517 141.4176 141.3972 141.4645 141.5329 141.673 141.7448 141.818 141.8926 141.9686 141.9563 142.0351 142.1155 142.1975 142.2813 142.3667 142.454 142.5432 142.6341 142.6355 142.73 142.8263 142.9245 143.0245 143.1264 143.2302 143.3359 143.35 143.4592 143.5703 143.6831 143.7977 143.9141 144.0322 144.1521 144.2735 144.2999 144.4243 144.5502 144.6776 144.8063 144.9364 145.068 145.2007 145.2342
140.1962 140.2669 140.2679 140.3345 140.4002 140.4651 140.5294 140.593 140.6563 140.7191 140.7816 140.7623 140.824 140.8859 140.948 141.0104 141.0732 141.1365 141.2005 141.1775 141.2427 141.3088 141.3759 141.4442 141.5135 141.5839 141.6557 141.7288 141.7126 141.7884 141.9444 142.0247 142.1066 142.1903 142.2757 142.3629 142.36 142.4507 142.5433 142.6377 142.7339 142.8318 142.9317 143.0334 143.1371 143.1486 143.2557 143.3648 143.4756 143.5882 143.7026 143.8188 143.9365 143.9594 144.0803 144.2026 144.3267 144.4523 144.5792 144.7076 144.8373 144.9684 145.0001 145.1332
140.0643 140.131 140.1968 140.2617 140.3259 140.3894 140.4524 140.5149 140.5771 140.5568 140.6176 140.6785 140.7396 140.8008 140.8623 140.9242 140.9866 140.9611 141.0244 141.0885 141.1534 141.2193 141.2862 141.3542 141.4234 141.4938 141.4741 141.547 141.6212 141.6969 141.774 141.8527 141.933 142.0149 142.006 142.1784 142.2672 142.3579 142.4503 142.5446 142.6407 142.7385 142.8382 142.8454 142.9487 143.054 143.1609 143.2698 143.3804 143.4928 143.607 143.6261 143.7433 143.8622 143.9828 144.1049 144.2285 144.3538 144.4803 144.6084 144.6375 144.7677 144.8991 145.0317
139.9281 140.059 140.1231 140.1865 140.2493 140.3115 140.3733 140.3525 140.4128 140.4728 140.5329 140.593 140.6534 140.7141 140.7752 140.8365 140.8091 140.8714 140.9345 140.9983 141.0631 141.1287 141.1954 141.2633 141.2402 141.3104 141.3819 141.4547 141.5288 141.6044 141.6815 141.7602 141.8405 141.829 141.9126 141.998 142.085 142.1738 142.2643 142.3566 142.4508 142.5498 142.6492 142.7505 142.8537 142.9587 143.0655 143.1741 143.2845 143.3967 143.4137 143.5289 143.6459 143.7645 143.8847 144.0065 144.1299 144.2547 144.281 144.4082 144.5368 144.6666 144.7976 144.9298
139.8569 139.921 139.9844 140.047 140.109 140.1704 140.2088 140.2683 140.3277 140.387 140.4464 140.5059 140.5657 140.6259 140.5964 140.6571 140.7184 140.7804 140.8433 140.907 140.9715 141.037 141.1035 141.0784 141.1472 141.2173 141.2887 141.3614 141.4355 141.5111 141.5882 141.5727 141.653 141.7349 141.8185 141.9038 141.9908 142.0795 142.17 142.2622 142.2612 142.357 142.4545 142.5538 142.655 142.758 142.9694 143.0779 143.0911 143.2028 143.3162 143.4312 143.5479 143.6662 143.7861 143.9076 144.0307 144.0551 144.1806 144.3075 144.4357 144.5651 144.6957 144.8275
139.7829 139.8455 139.9073 139.9685 139.9471 140.0062 140.0651 140.1237 140.1823 140.2409 140.2995 140.3582 140.4765 140.4451 140.505 140.5654 140.6264 140.6883 140.7509 140.8145 140.8788 140.8505 140.9169 140.9845 141.0533 141.1233 141.1946 141.2673 141.3414 141.417 141.3992 141.4778 141.5581 141.64 141.7236 141.8088 141.8958 141.9846 141.9794 142.0714 142.1654 142.2611 142.3586 142.4578 142.5589 142.6617 142.7665 142.7758 142.8838 142.9936 143.105 143.2182 143.4495 143.5676 143.6872 143.7086 143.831 143.9547 144.0799 144.2064 144.3342 144.4632 144.5934 144.7249
139.7063 139.7674 139.7461 139.8048 139.8631 139.9211 139.9789 140.0367 140.0945 140.1524 140.2104 140.1774 140.2354 140.2938 140.3528 140.4124 140.4725 140.5951 140.6575 140.6263 140.6905 140.7558 140.8221 140.8896 140.9585 141.0284 141.0998 141.1724 141.1509 141.2265 141.3036 141.3823 141.4626 141.5444 141.628 141.7132 141.704 141.7927 141.8831 141.9752 142.0691 142.1646 142.262 142.3612 142.4622 142.4677 142.5721 142.6782 142.786 142.8956 143.0069 143.1198 143.2344 143.2513 143.3689 143.488 143.6085 143.8539 143.9788 144.1049 144.2323 144.3609 144.3878 144.5185
139.6273 139.6041 139.6621 139.7197 139.777 139.834 139.8911 139.9481 140.0051 139.9708 140.0277 140.0849 140.1425 140.2005 140.2592 140.3185 140.3785 140.4392 140.4054 140.4676 140.5308 140.595 140.6602 140.794 140.8628 140.9328 140.9078 140.9806 141.0547 141.1303 141.2074 141.2861 141.3663 141.4483 141.5318 141.5204 141.6073 141.696 141.7864 141.8784 141.9722 142.0677 142.1651 142.1666 142.2674 142.3699 142.4741 142.5801 142.6878 142.7972 142.9082 143.021 143.0359 143.1516 143.269 143.3878 143.508 143.6298 143.7529 143.8773 143.9009 144.0277 144.1556 144.4149
139.4619 139.5191 139.576 139.6326 139.689 139.7452 139.8014 139.8577 139.8217 139.8778 139.9341 139.991 140.0483 140.1061 140.1645 140.2237 140.1874 140.2479 140.3091 140.3712 140.4344 140.4986 140.5638 140.6301 140.6976 140.6693 140.7394 140.8108 140.9578 141.0334 141.1105 141.1892 141.2696 141.2543 141.3379 141.4232 141.5101 141.5988 141.6891 141.7811 141.8749 141.9703 141.9696 142.0685 142.1692 142.2717 142.3758 142.4816 142.5891 142.6983 142.7098 142.8221 142.9361 143.0516 143.1687 143.2872 143.4072 143.5286 143.6514 143.6735 143.7986 143.9249 144.0525 144.1812
139.3758 139.4319 139.4879 139.5435 139.5991 139.6546 139.6172 139.6724 139.7278 139.7834 139.8395 139.896 139.953 140.0106 140.0688 140.0308 140.0904 140.1507 140.2119 140.274 140.3372 140.4014 140.4666 140.435 140.5027 140.5715 140.6417 140.7132 140.786 140.8603 140.936 141.0131 140.994 141.0745 141.2402 141.3255 141.4124 141.5011 141.5914 141.6834 141.6788 141.7742 141.8712 141.9701 142.0707 142.1731 142.277 142.3827 142.49 142.4995 142.6101 142.7222 142.8359 142.9512 143.0679 143.1862 143.306 143.3254 143.4477 143.5712 143.696 143.822 143.9492 144.0775
139.2876 139.3428 139.3977 139.4525 139.4142 139.4684 139.5229 139.5776 139.6327 139.6879 139.7437 139.7999 139.8566 139.8163 139.8742 139.9329 139.9924 140.0527 140.1139 140.176 140.2391 140.2047 140.2699 140.3365 140.4042 140.4731 140.5434 140.6149 140.6878 140.7622 140.7395 140.8168 140.8957 140.9762 141.0583 141.142 141.2273 141.3142 141.3043 141.4866 141.5802 141.6755 141.7726 141.8714 141.9719 142.074 142.1779 142.1839 142.2909 142.3996 142.51 142.622 142.7355 142.8505 142.967 -9999 -9999 -9999 -9999 -9999 -9999 -9999 -9999 -9999
139.1431 139.1975 139.2517 139.2123 139.2658 139.3732 139.4272 139.4815 139.5362 139.5912 139.6466 139.6043 139.6607 139.7177 139.7755 139.8341 139.8936 139.9539 140.015 140.0772 140.041 140.1053 140.1708 140.2374 140.3052 140.3742 140.4446 140.5162 140.4901 140.5646 140.6405 140.7179 140.7969 140.8775 140.9596 141.0434 141.1287 141.1168 141.2054 141.2957 141.3876 141.4813 141.5765 141.6735 141.8727 -9999 -9999 -9999 -9999 -9999 -9999 -9999 -9999 -9999 -9999 -9999 -9999 -9999 -9999 -9999 -9999 -9999 -9999 -9999
139.0519 139.0117 139.0645 139.1173 139.1702 139.2233 139.2766 139.3303 139.3842 139.4385 139.4494 139.5051 139.5614 139.6183 139.6761 139.7346 139.7941 139.8543 139.8154 139.8777 139.9411 140.0055 140.071 140.1377 140.2056 140.2748 140.3452 140.3173 140.3905 140.4651 140.5412 140.6187 140.6978 140.7785 140.8606 -9999 -9999 -9999 -9999 -9999 -9999 -9999 -9999 -9999 -9999 -9999 -9999 -9999 -9999 -9999 -9999 -9999 -9999 -9999 -9999 -9999 -9999 -9999 -9999 -9999 -9999 -9999 -9999 -9999
138.8645 138.9165 138.9686 139.0209 139.0733 139.1259 139.1788 139.2321 139.1862 139.2401 139.2945 139.3495 139.4051 139.4613 139.5182 139.6344 139.6939 139.6534 139.7148 139.7772 139.8405 139.905 139.9707 140.0375 140.1055 -9999 -9999 -9999 -9999 -9999 -9999 -9999 -9999 -9999 -9999 -9999 -9999 -9999 -9999 -9999 -9999 -9999 -9999 -9999 -9999 -9999 -9999 -9999 -9999 -9999 -9999 -9999 -9999 -9999 -9999 -9999 -9999 -9999 -9999 -9999 -9999 -9999 -9999 -9999
138.7683 138.8198 138.8713 138.9231 138.9751 139.0273 138.9798 139.0325 139.0858 139.1396 139.1939 139.2487 139.3042 139.3604 139.4174 -9999 -9999 -9999 -9999 -9999 -9999 -9999 -9999 -9999 -9999 -9999 -9999 -9999 -9999 -9999 -9999 -9999 -9999 -9999 -9999 -9999 -9999 -9999 -9999 -9999 -9999 -9999 -9999 -9999 -9999 -9999 -9999 -9999 -9999 -9999 -9999 -9999 -9999 -9999 -9999 -9999 -9999 -9999 -9999 -9999 -9999 -9999 -9999 -9999
138.6708 138.7217 138.7728 138.8241 138.8756 -9999 -9999 -9999 -9999 -9999 -9999 -9999 -9999 -9999 -9999 -9999 -9999 -9999 -9999 -9999 -9999 -9999 -9999 -9999 -9999 -9999 -9999 -9999 -9999 -9999 -9999 -9999 -9999 -9999 -9999 -9999 -9999 -9999 -9999 -9999 -9999 -9999 -9999 -9999 -9999 -9999 -9999 -9999 -9999 -9999 -9999 -9999 -9999 -9999 -9999 -9999 -9999 -9999 -9999 -9999 -9999 -9999 -9999 -9999
-9999 -9999 -9999 -9999 -9999 -9999 -9999 -9999 -9999 -9999 -9999 -9999 -9999 -9999 -9999 -9999 -9999 -9999 -9999 -9999 -9999 -9999 -9999 -9999 -9999 -9999 -9999 -9999 -9999 -9999 -9999 -9999 -9999 -9999 -9999 -9999 -9999 -9999 -9999 -9999 -9999 -9999 -9999 -9999 -9999 -9999 -9999 -9999 -9999 -9999 -9999 -9999 -9999 -9999 -9999 -9999 -9999 -9999 -9999 -9999 -9999 -9999 -9999 -9999
-9999 -9999 -9999 -9999 -9999 -9999 -9999 -9999 -9999 -9999 -9999 -9999 -9999 -9999 -9999 -9999 -9999 -9999 -9999 -9999 -9999 -9999 -9999 -9999 -9999 -9999 -9999 -9999 -9999 -9999 -9999 -9999 -9999 -9999 -9999 -9999 -9999 -9999 -9999 -9999 -9999 -9999 -9999 -9999 -9999 -9999 -9999 -9999 -9999 -9999 -9999 -9999 -9999 -9999 -9999 -9999 -9999 -9999 -9999 -9999 -9999 -9999 -9999 -9999
-9999 -9999 -9999 -9999 -9999 -9999 -9999 -9999 -9999 -9999 -9999 -9999 -9999 -9999 -9999 -9999 -9999 -9999 -9999 -9999 -9999 -9999 -9999 -9999 -9999 -9999 -9999 -9999 -9999 -9999 -9999 -9999 -9999 -9999 -9999 -9999 -9999 -9999 -9999 -9999 -9999 -9999 -9999 -9999 -9999 -9999 -9999 -9999 -9999 -9999 -9999 -9999 -9999 -9999 -9999 -9999 -9999 -9999 -9999 -9999 -9999 -9999 -9999 -9999
-9999 -9999 -9999 -9999 -9999 -9999 -9999 -9999 -9999 -9999 -9999 -9999 -9999 -9999 -9999 -9999 -9999 -9999 -9999 -9999 -9999 -9999 -9999 -9999 -9999 -9999 -9999 -9999 -9999 -9999 -9999 -9999 -9999 -9999 -9999 -9999 -9999 -9999 -9999 -9999 -9999 -9999 -9999 -9999 -9999 -9999 -9999 -9999 -9999 -9999 -9999 -9999 -9999 -9999 -9999 -9999 -9999 -9999 -9999 -9999 -9999 -9999 -9999 -9999
-9999 -9999 -9999 -9999 -9999 -9999 -9999 -9999 -9999 -9999 -9999 -9999 -9999 -9999 -9999 -9999 -9999 -9999 -9999 -9999 -9999 -9999 -9999 -9999 -9999 -9999 -9999 -9999 -9999 -9999 -9999 -9999 -9999 -9999 -9999 -9999 -9999 -9999 -9999 -9999 -9999 -9999 -9999 -9999 -9999 -9999 -9999 -9999 -9999 -9999 -9999 -9999 -9999 -9999 -9999 -9999 -9999 -9999 -9999 -9999 -9999 -9999 -9999 -9999
-9999 -9999 -9999 -9999 -9999 -9999 -9999 -9999 -9999 -9999 -9999 -9999 -9999 -9999 -9999 -9999 -9999 -9999 -9999 -9999 -9999 -9999 -9999 -9999 -9999 -9999 -9999 -9999 -9999 -9999 -9999 -9999 -9999 -9999 -9999 -9999 -9999 -9999 -9999 -9999 -9999 -9999 -9999 -9999 -9999 -9999 -9999 -9999 -9999 -9999 -9999 -9999 -9999 -9999 -9999 -9999 -9999 -9999 -9999 -9999 -9999 -9999 -9999 -9999
-9999 -9999 -9999 -9999 -9999 -9999 -9999 -9999 -9999 -9999 -9999 -9999 -9999 -9999 -9999 -9999 -9999 -9999 -9999 -9999 -9999 -9999 -9999 -9999 -9999 -9999 -9999 -9999 -9999 -9999 -9999 -9999 -9999 -9999 -9999 -9999 -9999 -9999 -9999 -9999 -9999 -9999 -9999 -9999 -9999 -9999 -9999 -9999 -9999 -9999 -9999 -9999 -9999 -9999 -9999 -9999 -9999 -9999 -9999 -9999 -9999 -9999 -9999 -9999
-9999 -9999 -9999 -9999 -9999 -9999 -9999 -9999 -9999 -9999 -9999 -9999 -9999 -9999 -9999 -9999 -9999 -9999 -9999 -9999 -9999 -9999 -9999 -9999 -9999 -9999 -9999 -9999 -9999 -9999 -9999 -9999 -9999 -9999 -9999 -9999 -9999 -9999 -9999 -9999 -9999 -9999 -9999 -9999 -9999 -9999 -9999 -9999 -9999 -9999 -9999 -9999 -9999 -9999 -9999 -9999 -9999 -9999 -9999 -9999 -9999 -9999 -9999 -9999
