public/沉降量2015-2021（地形转栅格）/cjl2015.txt
ncols         346
nrows         239
xllcorner     104.24612109509
yllcorner     31.067832478687
cellsize      0.0008476514969488
NODATA_value  -9999
[rows 0 to 27 of 239, columns 192 to 255 of 346]
-9999 -9999 -9999 -9999 -9999 -9999 -9999 -9999 -9999 -9999 -9999 -9999 -9999 -9999 -9999 -9999 -9999 -9999 -9999 -9999 -9999 -9999 -9999 -9999 -9999 -9999 -9999 -9999 -9999 -9999 -9999 -9999 -9999 -9999 -9999 -9999 -9999 -9999 -9999 -9999 -9999 -9999 -9999 -9999 -9999 -9999 -9999 -9999 -9999 -9999 -9999 -9999 -9999 -9999 -9999 -9999 -9999 -9999 -9999 -9999 -9999 -9999 -9999 -9999
-9999 -9999 -9999 -9999 -9999 -9999 -9999 -9999 -9999 -9999 -9999 -9999 -9999 -9999 -9999 -9999 -9999 -9999 -9999 -9999 -9999 -9999 -9999 -9999 -9999 -9999 -9999 -9999 -9999 -9999 -9999 -9999 -9999 -9999 -9999 -9999 -9999 -9999 -9999 -9999 -9999 -9999 -9999 -9999 -9999 -9999 -9999 -9999 -9999 -9999 -9999 -9999 -9999 -9999 -9999 -9999 -9999 -9999 -9999 -9999 -9999 -9999 -9999 -9999
-9999 -9999 -9999 -9999 -9999 -9999 -9999 -9999 -9999 -9999 -9999 -9999 -9999 -9999 -9999 -9999 -9999 -9999 -9999 -9999 -9999 -9999 -9999 -9999 -9999 -9999 -9999 -9999 -9999 -9999 -9999 -9999 -9999 -9999 -9999 -9999 -9999 -9999 -9999 -9999 -9999 -9999 -9999 -9999 -9999 -9999 -9999 -9999 -9999 -9999 -9999 -9999 -9999 -9999 -9999 -9999 -9999 -9999 -9999 -9999 -9999 -9999 -9999 -9999
-9999 -9999 -9999 -9999 -9999 -9999 -9999 -9999 -9999 -9999 -9999 -9999 -9999 -9999 -9999 -9999 -9999 -9999 -9999 -9999 -9999 -9999 -9999 -9999 -9999 -9999 -9999 -9999 -9999 -9999 -9999 -9999 -9999 -9999 -9999 -9999 -9999 -9999 -9999 -9999 -9999 -9999 -9999 -9999 -9999 -9999 -9999 -9999 -9999 -9999 -9999 -9999 -9999 -9999 -9999 -9999 -9999 -9999 -9999 -9999 -9999 -9999 -9999 -9999
-9999 -9999 -9999 -9999 -9999 -9999 -9999 -9999 -9999 -9999 -9999 -9999 -9999 -9999 -9999 -9999 -9999 -9999 -9999 -9999 -9999 -9999 -9999 -9999 -9999 -9999 -9999 -9999 -9999 -9999 -9999 -9999 -9999 -9999 -9999 -9999 -9999 -9999 -9999 -9999 -9999 -9999 -9999 -9999 -9999 -9999 -9999 -9999 -9999 -9999 -9999 -9999 -9999 -9999 -9999 -9999 -9999 -9999 -9999 -9999 -9999 -9999 -9999 -9999
-9999 -9999 -9999 -9999 -9999 -9999 -9999 -9999 -9999 -9999 -9999 -9999 -9999 -9999 -9999 -9999 -9999 -9999 -9999 -9999 -9999 -9999 -9999 -9999 -9999 -9999 -9999 -9999 -9999 -9999 -9999 -9999 -9999 -9999 -9999 -9999 -9999 -9999 -9999 -9999 -9999 -9999 -9999 -9999 -9999 -9999 -9999 -9999 -9999 -9999 -9999 -9999 -9999 -9999 -9999 -9999 -9999 -9999 -9999 -9999 -9999 -9999 -9999 -9999
-9999 -9999 -9999 -9999 -9999 -9999 -9999 -9999 -9999 -9999 -9999 -9999 -9999 -9999 -9999 -9999 -9999 -9999 -9999 -9999 -9999 -9999 -9999 -9999 -9999 -9999 -9999 -9999 -9999 -9999 -9999 -9999 -9999 -9999 -9999 -9999 -9999 -9999 -9999 -9999 -9999 -9999 -9999 -9999 -9999 -9999 -9999 -9999 -9999 -9999 -9999 -9999 -9999 -9999 -9999 -9999 -9999 -9999 -9999 -9999 5.218032 4.371613 3.698283 3.223572
-9999 -9999 -9999 -9999 -9999 -9999 -9999 -9999 -9999 -9999 -9999 -9999 -9999 -9999 -9999 -9999 -9999 -9999 -9999 -9999 -9999 -9999 -9999 -9999 -9999 -9999 -9999 -9999 -9999 -9999 -9999 -9999 -9999 -9999 -9999 -9999 -9999 -9999 -9999 -9999 -9999 -9999 -9999 -9999 -9999 -9999 -9999 -9999 -9999 -9999 15.95372 15.03579 14.05339 13.01406 11.92329 10.78856 9.623287 8.44928 7.297551 5.801336 4.831884 4.035737 3.439618 3.028774
-9999 -9999 -9999 -9999 -9999 -9999 -9999 -9999 -9999 -9999 -9999 -9999 -9999 -9999 -9999 -9999 -9999 -9999 -9999 -9999 -9999 -9999 -9999 -9999 -9999 -9999 -9999 -9999 -9999 -9999 -9999 -9999 -9999 -9999 -9999 -9999 -9999 -9999 -9999 -9999 18.70897 18.93474 19.10538 19.19224 19.16647 18.99935 18.66293 18.17064 17.54076 16.6757 15.80366 14.85518 13.84164 12.76952 11.64402 10.47339 9.27322 7.666188 6.478009 5.383627 4.440127 3.71059 3.242797 2.980311
-9999 -9999 -9999 -9999 -9999 -9999 -9999 -9999 -9999 -9999 -9999 -9999 -9999 -9999 -9999 -9999 -9999 -9999 -9999 -9999 -9999 -9999 -9999 -9999 -9999 -9999 -9999 -9999 -9999 -9999 17.19754 17.26754 17.34764 17.43841 17.53892 17.64523 17.74844 17.86157 18.00064 18.46578 18.72243 18.95293 19.12649 19.21266 19.1805 18.99911 18.63832 18.05867 17.3629 16.55102 15.64561 14.66348 13.61497 12.50599 11.34217 10.13338 8.502291 7.247818 6.051859 4.966729 4.04979 3.373101 3.023787 2.819966
-9999 -9999 -9999 -9999 -9999 -9999 -9999 -9999 -9999 -9999 -9999 -9999 -9999 -9999 -9999 -9999 -9999 -9999 -9999 -9999 16.84349 16.85337 16.87196 16.89854 16.93104 16.96596 17.00005 17.0377 17.08308 17.14716 17.20742 17.27617 17.35465 17.44288 17.53913 17.63961 17.7412 17.85617 18.00056 18.21648 18.47188 18.7336 18.96917 19.14628 19.23247 18.99878 18.58617 17.99986 17.26907 16.4215 15.48 14.46065 13.37312 12.22342 10.67536 9.389025 8.091599 6.823318 5.63481 4.581581 3.713863 3.095611 2.791082 2.550606
-9999 -9999 -9999 -9999 -9999 -9999 -9999 -9999 -9999 -9999 17.04627 17.00049 16.9803 16.9555 16.92904 16.9035 16.88063 16.8619 16.84867 16.85832 16.86256 16.87405 16.89292 16.9184 16.9482 16.97753 17.00063 17.0623 17.106 17.15753 17.2171 17.28579 17.36411 17.45132 17.54626 17.66144 17.75937 17.86658 18.0008 18.21619 18.47449 18.74083 18.98169 19.16311 19.26487 19.21901 18.99772 18.56014 17.94118 17.17435 15.30828 14.24781 12.84948 11.60875 10.31696 8.993858 7.671846 6.398359 5.234776 4.251088 3.50433 2.958974 2.641342 2.373515
17.90556 17.83648 17.75856 17.67493 17.58773 17.49883 17.41025 17.32424 17.24315 17.13727 17.07881 17.03268 16.99994 16.94947 16.92487 16.9024 16.88358 16.87598 16.87088 16.87138 16.87774 16.89028 16.90917 16.93426 16.96497 17.00012 17.03388 17.0706 17.11399 17.16519 17.22534 17.29562 17.37566 17.46325 17.57071 17.6815 17.7773 17.8837 18.0013 18.21384 18.47266 18.74231 18.98689 19.17995 19.27418 19.22763 18.99697 18.53585 17.88523 17.0819 16.15667 14.9576 13.80141 12.57262 11.283 9.948063 7.248462 5.97206 4.833251 3.549949 3.048267 2.73039 2.429568 2.170965
17.87646 17.8024 17.72234 17.63754 17.54931 17.45946 17.37038 17.24134 17.16715 17.1049 17.05524 17.01948 16.99966 16.97224 16.94606 16.91925 16.90132 16.88837 16.88074 16.8811 16.88894 16.90195 16.92008 16.94302 16.97205 17.00003 17.03471 17.07355 17.118 17.16991 17.23138 17.30433 17.397 17.47606 17.56253 17.66387 17.76331 17.87091 18.0008 18.20918 18.46438 18.71659 18.97492 19.17631 19.27698 19.23243 18.99612 18.51524 17.83562 16.92171 15.9084 14.78481 13.57243 12.28829 10.94865 9.573301 8.188854 6.832179 5.178659 4.067894 3.212635 2.915556 2.213929 1.958948
17.83246 17.75699 17.6765 17.59163 17.50331 17.36205 17.27452 17.19367 17.12514 17.07198 17.03124 17.0004 16.98555 16.96432 16.93533 16.91514 16.89919 16.88851 16.88321 16.88297 16.88745 16.89648 16.91458 16.93155 16.95106 17.00002 17.03514 17.07515 17.12047 17.17271 17.23435 17.30035 17.381 17.46254 17.55009 17.64763 17.75047 17.86384 18.00059 18.17081 18.4069 18.68341 18.95252 19.16465 19.2732 19.23275 18.99525 18.501 17.77572 16.86451 15.79992 14.61559 13.33947 11.99505 10.60485 9.19416 7.401468 6.077116 4.876348 3.848788 3.06372 2.663196 2.293362 1.974596
17.77506 17.701 17.62204 17.5385 17.39549 17.30815 17.22214 17.14376 17.08181 17.04195 17.01576 16.99969 16.97114 16.94967 16.92812 16.90925 16.89504 16.88633 16.88299 16.88452 16.89052 16.90183 16.91675 16.93429 16.9534 16.9747 17.00003 17.03648 17.07728 17.12415 17.17886 17.29787 17.37102 17.45291 17.54089 17.63739 17.74331 17.85607 17.9971 18.11411 18.34731 18.63959 18.92543 19.14973 19.26541 19.22896 18.99396 18.51071 17.7797 16.82878 15.70295 14.44662 13.0971 11.68627 9.853228 8.385485 6.98908 5.709649 4.594637 3.68661 2.997756 2.480809 2.058949 1.469442
17.70787 17.63724 17.49734 17.42042 17.3393 17.25541 17.17167 17.09476 17.03828 17.01508 17.00027 16.98289 16.96195 16.93972 16.91862 16.90092 16.88832 16.8814 16.87978 16.87798 16.88675 16.89975 16.91588 16.93506 16.95464 16.97627 17.00018 17.03776 17.08115 17.13162 17.18793 17.24086 17.30107 17.36939 17.45276 17.53833 17.62737 17.81536 17.90903 18.00581 18.27976 18.60352 18.90825 19.14188 19.26864 19.22535 18.99651 18.55741 17.81891 16.81452 15.61082 14.26796 12.8339 10.96817 9.413499 7.916378 6.524494 5.284915 4.244615 3.443761 2.854061 1.900688 1.475989 1.176805
17.56306 17.50019 17.43233 17.36033 17.2852 17.20778 17.12906 17.05346 17.00088 16.98858 16.98286 16.96797 16.94786 16.9262 16.90601 16.88966 16.87869 16.86255 16.86399 16.86988 16.87998 16.89449 16.91047 16.92889 16.94911 16.97225 16.99999 17.04054 17.0856 17.13898 17.1932 17.24882 17.31045 17.38131 17.46857 17.54737 17.63276 17.72558 17.82298 17.91661 18.00658 18.2844 18.61301 19.19423 19.30504 19.25886 19.02815 18.67004 17.89746 16.80833 15.50498 13.80165 12.17562 10.52696 8.910719 7.381309 5.988894 4.773932 3.769131 3.011431 1.94686 1.474362 1.108971 0.8648626
17.54809 17.49218 17.43166 17.36731 17.30068 17.23357 17.09945 17.00103 16.98109 16.97223 16.96384 16.94936 16.93012 16.90939 16.89034 16.87544 16.85091 16.84888 16.85165 16.85884 16.87029 16.88481 16.90143 16.92061 16.93559 16.96451 17.00001 17.04388 17.09418 17.1502 17.20252 17.26033 17.3226 17.40561 17.47894 17.55727 17.64367 17.74194 17.85835 17.9971 18.11806 18.43966 18.7406 19.02896 19.25264 19.37092 19.35719 19.20076 18.86937 16.76576 15.10751 13.46661 11.74857 10.01731 8.339075 6.778483 5.390438 4.206686 2.7772 2.041852 1.476804 1.046828 0.7403675 0.5573161
17.47957 17.42348 17.36394 17.30199 17.2401 17.18123 17.07758 17.03699 16.99965 16.97523 16.96035 16.94687 16.91042 16.89014 16.85201 16.83997 16.83376 16.83315 16.8371 16.84639 16.85895 16.87403 16.89139 16.90275 16.92888 16.96086 17.00001 17.04754 17.10144 17.15917 17.21678 17.2956 17.35899 17.42365 17.49529 17.57125 17.65501 17.74936 17.86152 18.00044 18.21646 18.49664 18.80317 19.08721 19.3022 19.41053 19.38556 19.21043 18.57124 17.62701 16.32268 14.76984 13.05487 11.25376 9.443247 6.114876 4.042871 2.995776 2.18499 1.523296 1.013544 0.6416079 0.3971862 0.276121
17.41315 17.3556 17.29668 17.2361 17.11504 17.07029 17.03032 17.00064 16.98389 16.96553 16.94805 16.93014 16.88897 16.86658 16.84647 16.83054 16.82012 16.81553 16.82179 16.83324 16.84709 16.85255 16.87171 16.89466 16.92284 16.95754 17.00001 17.05147 17.10933 17.18388 17.25091 17.31757 17.38355 17.44966 17.51829 17.5904 17.67079 17.75772 17.87106 18.00004 18.23976 18.54161 18.85552 19.13358 19.33152 19.41011 19.29486 18.98977 18.35112 17.32957 15.97704 14.37099 12.58933 10.71187 8.825283 6.343351 4.692766 3.346614 2.370143 1.622871 1.037891 0.2884263 0.1043743 -0.1299217
17.3371 17.2859 17.16752 17.10896 17.05591 17.02757 17.00051 16.99926 16.97783 16.95549 16.93374 16.88935 16.86494 16.84206 16.82268 16.80841 16.8001 16.79747 16.79963 16.79582 16.80975 16.8259 16.84375 16.86397 16.91813 16.95489 17.00002 17.05533 17.12583 17.19763 17.2703 17.3417 17.41116 17.4794 17.54842 17.62009 17.7315 17.814 17.90569 18.00704 18.27279 18.58983 18.90454 19.17093 19.34721 19.35574 19.21023 18.89518 18.12749 17.01744 15.60611 13.9466 12.10477 9.642357 7.631071 5.726819 4.076203 2.829073 1.884121 1.181203 0.6549796 0.2731465 -0.1375281 -0.2357319
17.27065 17.14927 17.10426 17.05122 17.0009 16.99944 16.98321 16.97609 16.95875 16.91065 16.88722 16.86245 16.83797 16.81587 16.79821 16.78639 16.78085 16.78068 16.77438 16.78665 16.80174 16.8189 16.83778 16.85915 16.88458 16.91555 16.95363 17.00002 17.0611 17.1333 17.29041 17.36738 17.441 17.51192 17.58217 17.69209 17.77283 17.87044 17.99737 18.11596 18.35583 18.65694 18.95681 19.22974 19.33902 19.28588 19.03168 18.63054 17.83341 16.68256 15.23026 13.15135 11.23781 9.211754 7.168839 5.229251 3.553687 2.399426 1.538621 0.892603 0.3441479 0.02992548 -0.1626757 -0.243228
17.11731 17.06977 17.00157 16.99922 16.97262 16.96583 16.95615 16.94675 16.89849 16.87854 16.85564 16.83168 16.80862 16.78867 16.77386 16.76534 16.74772 16.7542 16.76667 16.78127 16.79771 16.8159 16.83591 16.85846 16.88474 16.92056 16.95655 17.00003 17.06309 17.14083 17.22577 17.31171 17.39468 17.50775 17.5846 17.7296 17.80563 17.89175 18.00023 18.17403 18.4277 18.78159 19.05301 19.25833 19.35154 19.28307 18.99872 18.45331 17.57077 16.36715 14.57157 12.83756 10.92884 8.914177 6.888105 4.972776 3.335824 2.233239 1.52526 0.9014219 0.4505625 0.1432976 -0.04267869 -0.120675
17.04781 17.00017 16.95989 16.95235 16.94028 16.93312 16.8923 16.87954 16.863 16.84301 16.82088 16.79857 16.77811 16.76153 16.72962 16.72995 16.7363 16.74927 16.76405 16.78042 16.79819 16.81743 16.83868 16.87274 16.89934 16.92943 16.96292 16.99994 17.06656 17.15129 17.24357 17.36731 17.46064 17.54708 17.6265 17.70047 17.77203 17.84515 17.92243 18.00399 18.2956 18.83262 19.08397 19.26987 19.35142 19.28288 18.9852 18.31835 17.10357 15.81946 14.30949 12.5985 10.72894 8.767449 6.807722 4.971152 3.411636 2.690995 1.809796 1.169883 0.7185981 0.4148664 0.2303077 0.1466605
17.06495 17.00073 16.96609 16.93752 16.88759 16.87377 16.86 16.84446 16.82634 16.80607 16.78499 16.76498 16.74801 16.71255 16.71164 16.71746 16.73228 16.75105 16.76878 16.78746 16.80672 16.84005 16.86226 16.88725 16.91565 16.94445 16.96981 17.00067 17.07772 17.17064 17.30748 17.40799 17.50381 17.5925 17.67378 17.74895 17.82135 17.899 18.00209 18.15513 18.36681 18.61588 18.86925 19.08967 19.24115 19.29194 19.2076 17.86029 16.83149 15.5673 14.09326 12.43563 10.63589 8.759698 6.900083 5.469132 4.062815 2.964523 2.135305 1.551945 1.128304 0.8396906 0.6625836 0.5742984
17.03814 16.99937 16.96161 16.91138 16.88451 16.86346 16.84539 16.82795 16.80962 16.78993 16.74988 16.7035 16.69516 16.69286 16.69725 16.71095 16.73208 16.75586 16.77561 16.79695 16.82985 16.85531 16.8786 16.90485 16.9367 16.971 16.99998 17.04062 17.16368 17.25759 17.35865 17.4596 17.5557 17.64472 17.72644 17.80164 17.87003 17.99991 18.08538 18.23732 18.43996 18.66902 18.89204 19.07161 19.16982 19.00677 18.78466 18.31841 17.56791 16.56548 15.34482 13.93065 12.34901 9.067762 7.411172 5.84798 4.45908 3.316376 2.564746 2.075992 1.682742 1.417471 2.025905 1.967463
17.00039 16.94982 16.92339 16.89415 16.86512 16.8389 16.81688 16.79635 16.77583 16.75502 16.70338 16.68815 16.67844 16.67497 16.67819 16.69069 16.7326 16.75779 16.78995 16.81661 16.84317 16.8694 16.89455 16.92135 16.9558 16.99946 17.05645 17.13052 17.22013 17.31953 17.42208 17.52221 17.61626 17.70307 17.78373 17.91464 17.99869 18.06759 18.16856 18.31887 18.50851 18.71538 18.90815 19.03876 19.0684 18.98669 18.642 18.09148 17.32209 16.34378 15.17463 13.83293 12.41602 10.92155 9.3723 7.829427 6.364089 5.050092 3.963608 2.782014 3.162262 2.998225 2.946064 2.93097
