public/沉降量2015-2021（地形转栅格）/cjl2019.txt
ncols         346
nrows         239
xllcorner     104.24612109509
yllcorner     31.067832478695
cellsize      0.00084765149693467
NODATA_value  -9999
[rows 112 to 139 of 239, columns 64 to 127 of 346]
88.71191 87.80879 87.49368 87.45117 87.56957 87.75574 87.92496 87.99949 87.89681 87.35893 87.01225 86.64441 86.26759 85.88815 85.50926 85.13274 84.75985 84.39207 84.05156 83.69511 83.34508 82.99978 82.65531 82.31311 81.97357 81.63687 81.2607 80.91991 80.57948 80.23717 79.8904 79.5377 79.17838 78.814 78.40762 78.05583 77.70975 77.36269 76.99779 76.58655 76.11789 75.57375 74.94949 74.07264 73.34564 72.58398 71.77901 70.91823 69.98608 68.97166 66.67621 65.478 64.24316 63.02339 61.8207 60.61143 59.35114 57.98107 56.44516 54.62653 52.68858 50.63284 48.52915 46.45978
88.33307 87.66402 87.39211 87.3846 87.53052 87.73718 87.91967 87.99946 87.88354 87.64615 87.34042 86.99831 86.63794 86.26936 85.89754 85.15234 84.80394 84.43556 84.07005 83.70892 83.35261 82.9998 82.6473 82.29667 81.92958 81.57715 81.22723 80.87933 80.53252 80.18504 79.83484 79.48108 79.12364 78.71878 78.36853 78.02827 77.69736 77.3662 76.99912 76.52281 75.99529 75.25696 74.58725 73.89171 73.17908 72.44684 71.68062 70.86422 69.97262 68.99998 67.93456 66.7832 65.57407 64.3428 63.11499 61.89507 59.37479 57.97211 56.36799 54.56728 52.58467 50.47917 48.33587 46.24687
88.17191 87.54063 87.30316 87.3255 87.49635 87.72244 87.91849 87.99934 87.86292 87.6151 87.31136 86.978 86.62866 86.27098 85.92136 85.56093 85.19514 84.8258 84.45521 84.08586 83.35826 82.99979 82.64132 82.27684 81.91745 81.55951 81.20341 80.84908 80.49612 80.1433 79.78893 79.39452 79.03442 78.67619 78.32466 77.98473 77.65797 77.33996 76.99396 76.3846 75.75478 75.09027 74.40823 73.71886 73.02615 72.32637 71.60217 70.83038 69.98749 69.04211 68.02589 66.90242 65.70775 64.47673 63.23531 61.99143 60.81931 59.46527 58.00312 56.38899 54.57413 50.42329 48.24803 46.13662
88.0858 87.46376 87.24188 87.2823 87.45647 87.70941 87.92252 87.99903 87.82536 87.56905 87.27441 86.95517 86.61997 86.28477 85.93863 85.58238 85.21765 84.8466 84.47231 84.09821 83.72746 83.36235 82.99961 82.63689 82.27515 81.9136 81.19086 80.83093 80.47221 80.09896 79.7349 79.36938 79.00394 78.6391 78.27771 77.92149 77.57301 77.24172 76.70083 76.19058 75.57431 74.90927 74.22978 73.55331 72.88399 72.21522 71.45811 70.76349 69.99286 69.10953 68.12963 67.0407 65.86568 64.63725 63.38239 62.26899 60.94909 59.5654 58.07953 56.47891 54.66195 52.62809 50.45111 48.27865
88.09192 87.44492 87.21513 87.25219 87.44936 87.707 87.92531 87.99801 87.76949 87.51778 87.24115 86.95084 86.63011 86.30083 85.95992 85.60625 85.24065 84.86601 84.48637 84.11084 83.73022 83.35989 82.9994 82.64012 82.28133 81.92028 81.55641 81.19118 80.83584 80.46692 80.09871 79.73003 78.98819 78.61533 78.24005 77.85801 77.42861 76.99857 76.55881 76.02103 75.40004 74.73626 74.06342 73.40116 72.75363 72.02126 71.39259 70.729 69.99836 69.17048 68.23656 67.18776 66.03844 65.0158 63.75788 62.46495 61.13541 59.73842 58.24014 56.66779 54.84299 52.97341 50.67474 48.34724
88.1837 87.55611 87.25084 87.259 87.44717 87.70297 87.92187 87.99899 87.8165 87.57854 87.28033 86.96767 86.64714 86.32203 85.98567 85.633 85.26453 84.88421 84.50711 84.11246 83.72601 83.35423 82.999 82.64926 82.29855 81.94058 81.60997 81.23473 80.85886 80.48491 80.11234 79.73972 79.36557 78.98985 78.61236 78.24416 77.85101 76.99295 76.48409 75.90208 75.26103 74.59193 73.9231 73.17334 72.55296 71.94702 71.33655 70.6976 70.00187 69.22423 68.34022 67.47607 66.39487 65.21751 63.97581 62.69545 61.38138 60.00478 58.5253 56.98078 55.42564 53.19595 50.82179 48.43072
90.09715 88.52294 87.29668 87.27541 87.45023 87.70099 87.91854 87.99924 87.83633 87.57939 87.28902 86.98277 86.66515 86.34802 86.01733 85.66397 85.3197 84.9227 84.51834 84.11525 83.72188 83.34682 82.99813 82.66859 82.33244 82.03717 81.66049 81.27606 80.89262 80.51321 80.13669 79.76097 79.38438 79.03084 78.65157 78.2692 77.87534 77.45752 76.99331 76.4435 75.82649 75.10933 74.42408 73.11028 72.49374 71.89387 71.29352 70.67163 70.00402 69.27037 68.51633 67.60051 66.55592 65.40618 64.18674 62.92988 61.65134 60.33301 59.21112 57.64703 55.65141 53.37664 50.95868 48.52676
90.4343 88.73073 87.77175 87.35406 87.30084 87.46126 87.72335 87.931 87.80363 87.55919 87.29295 87.0056 86.68861 86.38405 86.05914 85.74586 85.35394 84.94797 84.53613 84.12675 83.72717 83.34569 82.99863 82.80082 82.48615 82.11501 81.72134 81.32401 80.93176 80.54678 80.16661 79.81532 79.435 79.05449 78.67397 78.29146 77.89684 77.47301 76.99417 76.42297 75.77291 75.09119 74.40218 73.72895 73.08316 72.46436 71.86322 71.26514 70.64048 69.33534 68.58037 67.70155 66.68826 65.5609 64.35728 63.11577 61.86053 60.66777 59.30497 57.74183 55.76038 53.49708 51.08503 48.65093
90.81055 88.96565 87.90526 87.42387 87.33759 87.52505 87.75694 87.94814 87.99699 87.74639 87.54341 87.31849 87.06892 86.53833 86.17903 85.79549 85.39307 84.98045 84.5657 84.15671 83.75916 83.48586 83.19299 82.97266 82.60039 82.19299 81.77856 81.36888 80.96907 80.57943 80.21906 79.83527 79.45187 79.06868 78.68633 78.3024 77.90703 77.48058 76.99673 76.42484 75.78401 75.10452 74.41577 73.74017 73.08905 72.46263 71.85362 71.24816 70.63432 70.00639 69.35184 68.62657 67.7762 66.78432 64.46335 63.22268 61.91859 60.59608 59.21782 57.68937 55.76703 53.57129 51.22018 49.09042
91.25061 89.23959 88.06137 87.60829 87.45536 87.58741 87.81583 87.97469 88.00065 87.87311 87.68339 87.57983 87.29089 86.96611 86.61491 86.2403 85.84517 85.43547 85.02029 84.2094 83.90807 83.57747 83.28197 83.00036 82.63623 82.23093 81.81406 81.40089 81.01492 80.62032 80.23084 79.8428 79.45455 79.06669 78.68103 78.29608 77.90207 77.46585 76.99866 76.44133 75.81194 75.14105 74.45653 73.77959 73.12149 72.52051 71.88158 71.25343 70.63188 70.0064 69.35772 68.65948 67.82788 66.88821 65.75974 64.50761 63.17582 61.80457 60.40838 58.98431 55.70477 53.62675 51.58253 49.40968
91.77 89.91123 88.43845 87.71558 87.52835 87.66714 87.91306 88.03716 88.05945 87.99658 87.90388 87.67381 87.37306 87.03612 86.67484 86.29231 85.89172 85.47952 85.11496 84.71431 84.33185 83.97327 83.63947 83.32304 83.00098 82.23988 81.8287 81.42269 81.02002 80.62286 80.22854 79.83426 79.4388 79.04381 78.65292 78.20978 77.8275 77.43683 77.0004 76.46122 75.84688 75.19002 74.51392 73.90434 73.23325 72.56738 71.90962 71.26315 70.62965 70.00417 69.37251 68.68282 67.90488 66.93138 65.79301 64.51541 63.13861 61.70103 60.21696 58.70152 57.313 55.68789 53.81445 51.78033
92.96567 90.28705 88.64732 87.82003 87.58382 87.72232 88.00546 88.07071 88.06297 88.0607 87.99531 87.73374 87.41624 87.07551 86.71545 86.33484 85.93616 85.57874 85.17081 84.7722 84.39063 84.02843 83.68326 83.34602 83.00011 82.62073 82.2265 81.82338 81.41794 81.0141 80.21124 79.80804 79.40293 78.93072 78.51953 78.12157 77.74138 77.3768 76.99554 76.47057 75.87415 75.23869 74.6335 73.97096 73.29831 72.62069 71.94448 71.27782 70.62898 70.0021 69.41236 68.7587 67.9653 66.99612 65.85458 64.56795 63.17455 61.71549 60.21285 58.96476 57.54145 55.84901 53.96137 51.94688
93.6161 90.69802 88.87719 87.92238 87.59962 87.67068 87.88857 88.00336 88.05375 88.06966 87.9986 87.71835 87.41248 87.08951 86.74505 86.42754 86.04648 85.64346 85.23637 84.8365 84.45027 84.07886 83.71907 83.37846 82.99984 82.61203 82.21507 81.8119 81.40578 80.99839 80.59018 80.17963 79.7099 79.28021 78.84888 78.42195 77.61035 77.2527 76.94962 76.44105 75.84314 75.28561 74.67615 74.03209 73.36494 72.68126 71.99028 71.30385 70.63553 70.02211 69.47812 68.8472 68.05886 67.09128 65.95299 64.67534 63.29697 62.06557 60.64838 59.22042 57.73414 55.995 54.08356 52.06239
98.88927 91.17815 89.15696 88.05553 87.63094 87.6572 87.8048 87.94504 88.00199 88.04047 87.99205 87.66781 87.40334 87.24146 86.89157 86.51862 86.12801 85.7235 85.3147 84.91006 84.51476 84.12991 83.7878 83.39407 82.99996 82.6032 82.20199 81.79648 81.38747 80.97424 80.51659 80.08424 79.64697 79.20681 78.76498 78.32471 77.88869 77.45734 77.04225 76.66058 76.26842 75.80941 74.71059 74.08939 73.43482 72.75379 72.0569 71.46088 70.77361 70.11938 69.63029 68.99236 68.18477 67.20866 66.0753 64.95551 63.63179 62.25658 60.84882 59.40016 57.85554 56.09425 54.1719 52.1425
100.0485 95.21448 91.7652 89.9754 88.52192 87.87154 87.75368 87.9563 87.99046 88.00037 87.99902 87.82744 87.71143 87.36864 87.00141 86.61913 86.22435 85.81884 85.40706 84.99476 84.66612 84.24326 83.82442 83.41022 83.00031 82.59428 82.18753 81.77785 81.36424 80.90881 80.4715 80.02855 79.58246 79.13612 78.69169 78.25083 77.81747 77.37971 76.99785 76.62866 76.23287 75.7893 75.29213 74.74229 74.14527 73.58644 72.94281 71.61795 70.97916 70.39433 69.88686 69.16832 68.31435 67.32309 66.29413 65.07556 63.77395 62.41212 60.99992 59.52172 57.93482 56.17451 54.39797 52.38058
101.3756 96.25954 93.3369 90.53618 88.86568 88.07095 87.88266 87.99952 87.99943 87.99931 88.01967 88.05801 87.76418 87.44318 87.0881 86.71528 86.32806 85.9269 85.51268 85.1956 84.75173 84.30513 83.86194 83.4263 83.00053 82.58513 82.17296 81.7408 81.31328 80.87451 80.42635 79.97353 79.52092 79.07273 78.63255 78.16752 77.76434 77.37637 76.99907 76.6172 76.21552 75.77867 75.29861 74.77141 74.24435 73.65652 73.03954 72.40408 71.76955 71.15466 70.56902 69.98489 69.2721 67.45122 66.36375 65.17227 63.8937 62.54479 61.12935 59.63129 58.18052 56.49745 54.63454 52.62816
104.5101 98.87947 94.33751 91.21546 89.28151 88.28255 87.93794 87.93234 87.94736 87.95531 88.01346 88.04732 87.99918 87.77364 87.47975 87.15436 86.80676 86.55633 85.75461 85.30571 84.83994 84.36746 83.8985 83.44122 83.00056 82.57137 82.15157 81.7287 81.29448 80.84563 80.38599 79.92337 79.46553 79.01816 78.54726 78.14224 77.75333 77.37541 76.99946 76.61047 76.20393 75.77036 75.30346 74.80833 74.27679 73.7108 73.11706 72.50346 71.88342 71.26772 70.68828 70.0084 69.26582 68.42636 67.47702 66.41666 65.25584 64.00711 62.68131 60.02303 58.46055 56.84009 54.98504 52.97315
106.2672 100.3994 95.51139 92.03767 89.79507 88.54842 88.02078 87.93355 87.88248 87.94249 87.99953 88.02284 87.99619 87.76329 87.50568 87.35532 87.04744 86.69923 86.31084 85.88006 85.41504 84.92643 84.42723 83.93204 82.9996 82.57108 82.15231 81.72769 81.28771 80.82774 80.35541 79.88214 79.38329 78.93726 78.51796 78.12276 77.74481 77.37461 76.99977 76.60439 76.18498 75.75012 75.29425 74.8087 74.29184 73.74362 73.1671 72.56863 71.9545 71.35744 70.70047 70.00481 69.25696 68.42708 67.49918 66.46811 65.34152 64.26942 63.03005 61.72382 60.3428 58.8738 57.29569 55.40452
108.1593 102.1031 96.89825 93.02607 90.4301 89.34212 88.35787 87.9651 87.87154 87.95056 87.99735 87.99689 87.99855 87.84413 87.7368 87.48766 87.18549 86.83568 86.43992 85.9989 85.51839 85.00816 84.53777 83.99156 83.47 82.9976 82.58115 82.16949 81.74429 80.82625 80.33931 79.83955 79.36073 78.91251 78.49683 78.1089 77.73855 77.3735 76.99928 76.59769 76.17587 75.73666 75.27872 74.79733 74.28952 73.75342 73.18935 72.60283 71.99467 71.36153 70.7002 70.00192 69.25508 68.43629 67.52988 66.52896 65.5481 64.41898 63.22466 61.96906 60.64261 59.21994 57.64687 55.77539
110.1804 103.9976 98.52457 94.18894 92.13305 89.90509 88.63266 88.04576 87.86407 87.99799 88.02988 88.02719 88.04573 87.99841 87.83508 87.5989 87.30137 86.95085 86.55115 86.10362 85.69695 85.16154 84.59961 84.03345 83.48915 83.00342 82.62958 82.23909 81.80648 81.39847 80.88097 80.35595 79.84111 79.35225 78.8996 78.10071 77.73515 77.37433 76.99883 76.59302 76.16519 75.71996 75.25795 74.77638 74.27209 73.74243 73.16136 72.58217 71.97772 71.34828 70.69145 70.00031 69.26263 68.45935 67.63811 66.69441 65.66846 64.57164 63.41166 62.18989 60.89212 59.4827 58.15188 56.4256
112.2915 106.0255 102.2417 97.15065 93.22462 90.59593 89.00745 88.18759 87.85954 87.99844 88.0407 88.0454 88.04636 88.00033 87.88657 87.67551 87.38467 87.03571 86.63733 86.26225 85.77748 85.24516 84.68094 84.10902 83.55531 83.05663 82.74293 82.48625 81.98593 81.46416 80.92728 80.38568 79.85684 79.35773 78.89895 78.4819 78.10357 77.73894 77.37683 76.99872 76.58796 75.70169 75.23367 74.74844 74.20547 73.67429 73.12073 72.54349 71.94328 71.32103 70.67531 69.99933 69.30296 68.54849 67.71681 66.79918 65.79807 64.7253 63.58976 62.39114 61.11233 59.97204 58.45789 56.82598
120.6892 116.6217 110.3282 104.2642 98.85747 94.48024 89.49261 88.41141 87.9315 87.85239 87.99933 88.02606 88.03088 88.00101 87.93365 87.73279 87.43796 87.12314 86.74626 86.32806 85.8622 85.3418 84.78687 84.23024 83.71011 83.27144 82.99864 82.53935 82.04145 81.5179 80.97617 80.42503 79.88512 79.37617 78.93213 78.5044 78.11453 77.74625 77.38074 76.99869 76.58287 76.14246 75.66521 75.18141 74.68098 74.16278 73.06934 72.49251 71.89653 71.28331 70.65261 69.99641 69.33527 68.61481 67.81171 66.91701 65.93495 64.88004 63.76349 62.7773 61.56521 60.26865 58.85724 57.29707
124.6505 118.7675 112.5283 106.3576 100.6869 95.91203 92.4164 90.81062 89.12591 88.23165 87.85078 87.95028 88.00385 88.02904 87.99761 87.77962 87.48183 87.16071 86.80357 86.40591 85.96281 85.45078 84.90157 84.35218 83.92623 83.44518 83.003 82.55175 82.07437 81.56469 81.02933 80.47314 79.97359 79.44627 78.9632 78.52748 78.13083 77.7567 77.3859 76.99876 76.57793 76.12108 75.64766 75.15526 74.64519 74.11774 73.57339 73.0128 72.43583 71.79601 71.20181 70.60074 69.38173 68.70081 67.92451 67.04646 66.07591 65.03163 64.0775 62.94069 61.75825 60.50838 59.15433 57.6295
126.5049 120.8601 114.7226 108.5015 102.6314 97.5245 94.79255 91.63382 89.60368 88.46447 87.951 87.8499 87.89622 87.9708 87.9903 87.99753 87.88271 87.33643 86.9722 86.55611 86.08882 85.56805 85.11772 84.54199 83.98637 83.46965 82.99979 82.56996 82.12092 81.62622 81.09017 80.59628 80.03077 79.49374 79.00105 78.55619 78.15118 77.76956 77.39203 76.99903 76.56792 76.11037 75.63014 75.12929 74.60948 74.07268 73.52124 72.95752 72.34029 71.76566 71.18512 70.5968 70.00989 69.46243 68.81764 68.05779 67.32223 65.29148 64.1948 63.06202 61.891 60.66029 59.32917 57.83307
128.2536 122.8774 116.8811 110.654 106.6353 100.9711 96.17476 92.54507 90.15759 88.76431 88.10269 87.91613 87.89375 87.9444 87.92719 87.89998 87.99563 87.81474 87.51892 87.14686 86.71307 86.35184 85.21855 84.6255 84.0452 83.49693 83.00521 82.61739 82.19395 81.80685 81.24989 80.66891 80.09252 79.54538 79.04285 78.58836 78.17416 77.78404 77.40611 76.9991 76.56195 76.09875 75.6121 75.1035 74.57462 74.02963 73.43205 72.87439 72.3189 71.76631 71.21371 70.65315 70.08803 69.62088 69.15998 68.35696 67.44336 66.44562 65.38483 64.28099 63.14478 61.97423 60.74897 58.12386
129.8872 124.7979 120.979 114.8544 108.6277 102.7358 97.58791 93.52259 90.77965 89.11835 88.27013 88.03979 87.89167 87.98428 87.91531 87.94518 88.00079 87.91264 87.6579 87.40706 86.96948 86.46458 85.90918 85.32063 84.72067 84.13068 83.56864 83.06084 82.45505 81.91075 81.33272 80.73916 80.15327 79.59727 79.08566 78.62183 78.22233 77.81464 77.41347 76.99914 76.55484 76.08578 75.59304 75.07804 74.50917 73.95411 73.39835 72.85133 72.31754 71.79851 71.29477 70.80464 70.33464 69.97866 69.2683 68.44791 67.52497 66.51959 65.45276 64.34534 63.20793 62.1235 60.94073 59.69838
131.3628 128.2712 122.8848 116.8635 110.5958 104.5161 99.05288 94.59223 91.48956 90.03436 88.75476 88.19976 88.08965 87.88833 87.92499 87.98895 88.04123 87.99696 87.80459 87.48164 87.05908 86.56078 86.00891 85.42447 84.83109 84.2561 83.85849 83.4062 82.99862 82.51268 81.97171 81.39374 80.79815 80.20825 79.1669 78.68663 78.24554 77.82942 77.42067 76.99973 76.54718 76.07217 75.57298 75.02749 74.47827 73.92168 73.37063 72.83638 72.32581 71.83934 71.37608 70.99773 70.53838 69.99964 69.30751 68.49205 67.57207 66.56888 65.50454 64.40148 63.3543 62.23734 61.10991 59.95779
133.9326 129.8291 124.69 118.807 112.5455 106.3329 100.6112 95.79642 93.22332 90.59943 89.02609 88.22021 87.88832 87.88834 87.93503 88.0053 88.03764 87.99991 87.83546 87.53831 87.13097 86.64204 86.09769 85.52189 85.02769 84.46526 83.93994 83.45952 83.00406 82.52522 82.00134 81.4362 80.84683 80.30542 79.73688 79.2054 78.71729 78.2677 77.8432 76.99944 76.54462 76.05579 75.54259 75.00506 74.45091 73.89344 73.34737 72.82478 72.33327 71.87119 71.4608 71.0289 70.55751 70.00024 69.3156 68.50945 67.59863 66.6048 65.60085 64.53082 63.45079 62.37167 61.29832 60.21894
