public/沉降量2015-2021（地形转栅格）/cjl2017.txt
ncols         346
nrows         239
xllcorner     104.24612109509
yllcorner     31.067832478695
cellsize      0.00084765149693467
NODATA_value  -9999
[rows 112 to 139 of 239, columns 192 to 255 of 346]
78.92509 79.21915 79.46954 79.69803 80.10098 80.27881 80.44131 80.65185 80.79279 80.91078 81.00065 81.11505 81.23322 81.36648 81.51707 81.68282 82.02341 82.22986 82.45256 82.69661 82.96693 83.26671 83.59641 83.95301 84.57115 84.95708 85.32584 85.67883 85.98734 86.00799 86.2442 86.60933 87.11858 88.27638 89.05038 89.9268 90.90457 91.97681 93.1303 94.35114 95.63416 97.91288 99.39771 101.0688 102.9996 105.2481 110.903 114.3157 117.9952 121.8483 128.0249 131.8671 135.5103 138.877 141.9272 144.6134 147.0158 149.0959 151.6034 153.1117 154.4578 155.6696 156.7693 157.774
79.01642 79.28841 79.52501 79.74236 79.94691 80.14091 80.38435 80.56144 80.72429 80.8712 81.07679 81.19054 81.32651 81.47971 81.79129 81.98984 82.19926 82.42064 82.65716 82.91336 83.19337 83.50006 83.83391 84.42941 84.80092 85.17075 85.5051 85.78825 86.00995 86.25069 86.59441 87.53099 88.14412 88.86273 89.69051 90.62808 91.6699 92.80086 93.99968 96.16344 97.46562 98.83711 100.3432 102.0726 104.1168 106.55 109.3872 112.6731 118.4792 122.4714 126.4867 134.1419 137.5752 140.636 143.3712 145.7836 148.9589 150.74 152.3299 153.753 155.0338 156.1937 157.2503 158.2179
79.09496 79.3532 79.58211 79.79489 80.06143 80.2622 80.45464 80.63283 80.79082 80.92044 81.0008 81.12698 81.37129 81.55006 81.74336 81.94865 82.39038 82.62749 82.87827 83.14613 83.4339 83.99756 84.32051 84.66154 85.02689 85.40215 85.74414 86.00218 86.26868 86.9839 87.47122 88.04453 88.71297 89.48719 90.37486 91.37592 92.47942 93.66216 95.81056 97.0898 98.39584 99.77541 101.3128 103.1186 105.2967 107.912 113.0071 116.8389 120.8934 125.0145 129.0637 132.9301 136.5185 139.722 142.4135 146.3003 148.2256 151.6125 153.078 154.4077 155.6167 156.7198 157.7296 159.091
79.16695 79.41745 79.70827 79.92259 80.13202 80.33697 80.53223 80.70866 80.86107 80.99902 81.0825 81.30579 81.48778 81.68626 81.89822 82.12143 82.35455 82.59734 82.85069 83.36937 83.66049 84.26443 84.57043 84.88298 85.23187 85.61588 85.9828 86.25256 86.86218 87.36113 87.926 88.56744 89.29997 90.13847 91.09201 92.15814 94.18002 95.4474 96.73473 98.02879 99.34799 100.7506 102.3399 104.2584 106.6442 111.4067 115.1891 119.2948 123.5434 127.7562 131.7825 135.525 138.9237 143.8017 145.9157 147.7629 149.46 151.0338 152.4898 153.8318 155.066 156.2005 157.7608 159.5168
79.23682 79.55048 79.77644 79.99324 80.2065 80.41609 80.61488 80.78561 80.9063 81.10448 81.24973 81.42522 81.6236 81.83953 82.06895 82.30936 82.55939 82.81895 83.33769 83.63369 83.93806 84.24606 84.54836 84.83313 85.09418 85.39629 85.97664 86.64669 87.1575 87.73786 88.38142 89.09703 89.90137 90.81088 91.83379 93.78555 95.04889 96.35103 97.6649 98.98624 100.3416 101.7952 103.4599 106.9856 109.9366 113.553 117.6433 122.002 126.4146 130.6692 134.5923 140.6242 143.288 145.5397 147.4376 149.1007 150.6174 152.0271 153.3438 154.5724 156.3457 157.3387 158.2655 159.1289
79.38027 79.62046 79.84753 80.06485 80.28028 80.49429 80.70342 80.88939 81.10654 81.22052 81.37317 81.56082 81.7747 82.00744 82.25368 82.5104 83.00125 83.29076 83.5907 83.90129 84.22025 84.5417 84.85378 85.13776 85.69522 85.80315 85.99991 86.35649 86.85994 87.45875 88.12315 88.84687 89.64001 92.21873 93.37471 94.61746 95.9201 97.25278 98.59854 99.96823 101.3993 104.254 106.1748 108.656 111.9954 115.9537 120.3343 124.9168 129.4592 133.7074 140.2431 143.0084 145.1589 147.1241 148.82 150.3166 151.6824 152.9565 154.9143 155.959 156.9476 157.8791 158.7533 159.5717
79.46568 79.70059 79.92453 80.13587 80.34874 80.55925 80.78146 80.99904 81.15438 81.31013 81.49137 81.70134 81.93507 82.18602 82.65126 82.93658 83.2283 83.52827 83.8387 84.16052 84.49215 84.82827 85.15802 85.73244 85.9911 85.99818 86.02396 86.49722 87.1099 87.79647 88.53932 89.87466 90.81322 91.83932 92.96104 94.17387 95.45964 96.79224 99.53131 100.9707 103.682 105.6811 107.8167 110.6859 114.3305 118.5708 123.1904 127.9471 135.5858 139.7122 142.8141 145.1429 146.9888 148.6306 150.096 151.424 152.6545 154.5954 155.6148 156.5892 157.5162 158.3937 159.2208 159.9982
79.30711 79.55595 79.78365 80.20963 80.49871 80.6987 80.86945 81.00201 81.19302 81.39217 81.6082 81.84573 82.1022 82.5647 82.85765 83.15324 83.45221 83.75745 84.07242 84.39893 84.73581 85.27266 85.58768 85.85094 86.00378 86.1579 86.36078 86.83936 87.47874 88.21088 89.54308 90.46213 91.46322 92.55405 93.73615 94.99846 96.31877 97.67256 99.96678 101.3955 102.9461 104.7429 106.9211 109.5443 116.8052 121.2956 126.0932 133.7492 138.2139 142.0287 144.8137 146.8893 148.5298 149.9489 151.2291 153.2782 154.3087 155.3006 156.2561 157.1733 158.0488 158.8802 159.6659 160.4064
79.41167 79.6532 79.87245 80.17083 80.37675 80.58571 80.8045 80.99726 81.2831 81.49571 81.73595 82.16082 82.4588 82.7625 83.06625 83.36796 83.66891 83.97305 84.28542 84.60854 85.10957 85.42824 85.72835 85.99352 86.17406 86.42064 86.76199 87.27963 88.45717 89.25023 90.13232 91.10165 92.16087 93.31219 94.55055 95.85858 97.21004 99.552 100.9573 102.4099 103.9981 105.8768 108.2584 111.3518 115.0611 121.8778 126.7024 131.618 136.3212 140.4813 146.3817 148.2738 149.7692 151.9378 153.0115 154.0228 154.9938 155.9329 156.8399 157.7119 158.5453 159.3376 160.4855 161.1653
79.53531 79.89754 80.10028 80.27564 80.47174 80.65863 80.87251 81.002 81.17398 81.37695 81.74586 82.03073 82.33528 82.64989 83.27647 83.57965 83.87686 84.17307 84.64682 84.94653 85.25197 85.55392 85.81962 86.01118 86.33698 86.72035 87.62953 88.27477 89.01378 89.84558 90.7701 91.78941 92.9052 94.11554 95.41019 97.73303 99.17462 100.6186 102.0701 103.5824 105.2497 107.2597 109.9675 115.5668 119.7623 124.3818 129.2512 134.123 138.6642 142.4761 145.4128 147.6504 150.2316 151.5327 152.661 154.6621 155.5963 156.4994 157.3709 158.2078 159.4362 160.1682 160.8609 161.516
79.80724 80.04836 80.26823 80.4606 80.62343 80.74976 80.99459 81.10451 81.3683 81.6156 81.89545 82.20079 82.52274 82.85091 83.17557 83.48941 84.00123 84.27541 84.53674 84.80433 85.38257 85.68934 85.98892 86.22534 86.60176 87.46445 88.10162 88.81168 89.60149 90.47829 91.44908 92.51981 93.69255 95.84927 97.27142 98.75906 100.2772 101.797 103.3275 104.9513 106.7551 108.9093 114.1097 117.8749 122.141 126.7716 131.584 136.3347 140.6789 144.0415 147.5423 149.3992 150.896 152.1504 153.2523 154.2625 155.2159 156.1298 157.0096 158.3004 159.0882 160.5447 161.2148 161.8484
79.94376 80.2011 80.44791 80.6655 80.83194 80.9949 81.08896 81.26477 81.49554 81.76517 82.06518 82.388 82.72432 83.06313 83.39369 83.93549 84.22218 84.48341 84.72573 84.96222 85.23691 85.49768 85.78491 86.24324 86.68533 87.89505 88.60387 89.3754 90.21808 91.14365 92.16361 93.28687 95.37109 96.76516 98.25844 99.83215 101.4519 103.0751 104.6958 106.4742 110.301 113.0636 116.3652 120.1855 124.4339 128.9711 133.6091 138.1066 142.1328 145.9648 148.1841 149.9566 151.4108 152.649 153.7469 154.7552 155.704 157.0443 157.8996 158.7119 159.4818 160.2101 160.8984 161.5486
80.06689 80.33319 80.60336 80.83664 80.92433 81.08307 81.21335 81.40811 81.65463 81.94034 82.25583 82.59249 82.94019 83.52271 83.86163 84.17493 84.45651 84.7081 84.94126 85.17607 85.42557 85.64952 86.02233 86.43977 86.99992 87.6507 88.36748 89.13957 89.96811 90.8633 92.56375 94.9107 96.24843 97.69858 99.25867 100.9223 102.6646 104.4214 106.0913 109.6743 112.2204 115.1833 118.5906 122.4195 126.587 130.9538 135.3316 140.617 143.8838 146.5331 148.6604 150.3883 151.8283 153.0693 154.1762 155.5936 156.5498 157.4483 158.2956 159.0952 159.8495 160.5607 161.2313 161.8641
80.17868 80.43178 80.71297 80.9972 81.08049 81.19563 81.35963 81.57585 81.83775 82.13672 82.46436 82.81186 83.40617 83.76671 84.11061 84.42581 84.70374 84.94438 85.16409 85.39719 85.78809 86.01141 86.29356 86.78537 87.40884 88.11716 88.88757 89.71156 91.24358 92.2388 93.31686 94.48895 95.76382 97.14707 98.64068 100.2482 101.9801 106.8632 108.9709 111.3789 114.1408 117.2601 120.7368 124.5384 128.5854 134.3778 138.1893 141.6599 144.5648 147.0361 149.0728 150.7632 152.1967 153.4465 154.9366 155.9724 156.932 157.8279 158.6672 159.455 160.1949 160.8905 161.8428 162.4467
80.08891 80.79965 80.99252 81.00229 81.14644 81.31818 81.52061 81.76053 82.03784 82.34839 82.91434 83.27673 83.64728 84.01425 84.36494 84.68558 84.96249 85.18787 85.59251 85.76767 86.00072 86.29626 86.69535 87.24104 87.90167 88.64522 89.45306 90.95461 91.92216 92.96666 94.09855 95.32495 96.64996 98.07492 99.59783 102.2246 103.9363 105.8063 107.8971 110.3456 113.0486 116.0202 122.7845 126.5325 132.1525 135.8727 139.4411 142.6886 145.3086 147.5581 149.4801 151.1243 152.898 154.1588 155.2972 156.3376 157.2974 158.1884 159.0188 159.7946 160.521 161.4981 162.1257 162.7172
80.46377 80.73696 80.99477 81.11835 81.16617 81.29886 81.48321 81.96106 82.47008 82.79527 83.14427 83.51045 83.88513 84.2578 84.61685 84.94852 85.23271 85.7258 85.81334 86.00111 86.29691 86.68051 87.16404 87.75842 88.44908 89.8186 90.68025 91.61285 92.62224 93.71788 94.90821 96.19577 97.57867 99.05099 101.6944 103.3323 105.0217 106.9279 109.2061 111.8486 114.7519 117.8794 123.1258 126.624 130.1865 133.7448 137.2133 140.4901 145.9048 148.0262 149.872 151.8451 153.2541 154.5149 155.6548 156.6946 157.6503 158.5337 159.3537 160.4252 161.1252 161.7805 162.396 162.9763
80.61626 80.83733 81.00309 81.17986 81.31116 81.47151 81.67099 82.11514 82.39017 82.69241 83.02025 83.37037 83.73702 84.48792 84.85335 85.41126 85.73317 85.99084 86.00782 86.26656 86.64558 87.11328 87.66678 88.30668 89.61803 90.43431 91.32154 92.28658 93.33876 94.48834 95.74284 97.1012 99.57465 101.203 102.8895 104.5862 106.2443 108.1733 110.6565 113.4663 116.5114 121.6311 125.0251 128.469 131.9024 135.2561 138.4529 141.4082 144.0501 146.907 148.8979 150.6623 152.2282 153.6248 156.0132 157.0466 157.9939 159.19 159.9843 160.7213 161.4085 162.0515 162.6558 163.2256
80.82715 80.99934 81.1377 81.30086 81.46603 81.83755 82.0703 82.32747 82.60875 82.91361 83.24117 83.58894 83.9521 84.32392 84.87357 85.2196 85.55891 85.83478 86.22975 86.58237 87.03802 87.57593 88.71684 89.43715 90.21619 91.05836 91.97275 92.97124 94.06716 95.27271 97.4563 98.97501 100.6091 102.3415 104.1486 105.9836 107.6636 109.7654 112.3254 117.0525 120.2329 123.554 126.9369 130.308 133.5982 136.7426 139.6795 143.3781 145.5139 147.5426 149.4166 151.1151 152.6429 154.0162 155.2542 156.3754 157.7457 158.6629 159.5062 161.0082 161.6823 162.3135 162.907 163.467
80.9967 81.12863 81.27 81.57626 81.79294 82.02476 82.2736 82.5406 82.82646 83.13173 83.45629 83.79843 84.34505 84.69606 85.04477 85.38225 85.70302 85.99149 86.20161 86.51239 87.31021 87.89491 88.54425 89.25005 90.81842 91.68876 92.63207 93.66473 94.80407 96.86118 98.31578 99.90899 101.626 103.4445 105.3306 107.223 109.1798 113.1384 115.8948 118.9284 122.1648 125.513 128.877 132.1661 135.3026 138.2334 142.1326 144.2894 146.3042 148.2054 149.979 151.608 153.089 154.4294 156.0441 157.1176 158.0965 158.993 159.8177 160.5801 161.2883 161.9492 162.5687 163.3911
81.00208 81.18378 81.48901 81.72078 81.96362 82.2162 82.47951 82.75475 83.0433 83.34668 83.87068 84.19424 84.52711 84.86662 85.20508 85.52679 85.80605 86.01366 86.36996 87.1237 87.6994 88.34039 89.03819 89.78662 90.58215 91.42612 92.32691 93.98123 95.081 97.66005 99.17064 100.8285 102.6173 104.5171 106.5078 108.522 112.179 114.8031 117.6917 120.822 124.1254 127.5055 130.852 134.0556 138.7656 141.1624 143.3029 145.2201 147.0868 148.8813 150.5706 152.1333 153.563 155.3165 156.4583 157.4989 158.45 159.3224 160.1264 160.8709 161.5636 162.4696 163.0652 163.627
81.16669 81.3829 81.62491 81.88112 82.14544 82.41518 82.69019 82.97148 83.2606 83.77293 84.07301 84.38356 84.70009 85.02669 85.35971 85.68452 85.98818 86.40746 86.89731 87.46783 88.10397 88.79645 89.53982 90.32997 91.16408 92.04333 93.6422 94.67801 95.80923 97.0638 98.46468 100.0239 101.7363 103.5825 106.6042 111.1179 113.6812 116.4674 119.4908 122.7268 126.1053 129.5231 134.8706 137.9196 140.5217 142.5233 144.2313 146.0458 147.8466 149.5719 151.1908 153.2786 154.5884 155.7878 156.8842 157.8871 158.8065 159.6523 160.434 161.4471 162.1068 162.7261 163.3093 163.8603
81.3211 81.53951 81.79184 82.06226 82.34128 82.62367 82.90744 83.41946 83.70504 83.98974 84.27634 84.57054 84.86237 85.17139 85.49397 85.98561 86.23706 86.65942 87.20782 87.83837 88.52809 89.26797 90.05486 90.88628 92.37582 93.32843 94.32847 95.39453 96.55531 97.8421 99.28072 100.8843 103.5739 105.5349 107.6191 109.9593 112.4896 115.2132 118.1481 121.2997 124.6384 133.5281 136.8345 139.821 142.2999 143.9144 145.2245 146.9493 148.6745 151.1416 152.5676 153.901 155.1361 156.274 157.3199 158.2811 159.1661 159.9835 161.049 161.7342 162.3767 162.9813 163.5517 164.0914
81.33609 81.50307 81.72404 81.98154 82.26043 83.06448 83.36108 83.65181 83.936 84.21422 84.48753 84.75615 85.01765 85.30617 85.70736 85.9954 86.38399 86.91521 87.54462 88.23747 88.978 89.76244 91.15726 92.06856 93.01932 94.00737 95.03917 96.13371 97.32178 98.63849 100.113 102.6603 104.5395 106.5975 108.8066 111.2643 113.9294 116.7919 119.8579 124.9576 128.442 131.9709 135.4238 138.6583 141.506 143.7575 146.6205 148.104 150.6477 152.0024 153.3075 154.5423 155.6969 156.7691 157.7613 158.6787 159.8896 160.6475 161.3561 162.0206 162.6457 163.2353 163.7927 164.3209
81.49142 81.68266 81.91515 82.1806 82.67487 82.98122 83.28909 83.59244 83.88747 84.17265 84.44795 84.96701 85.46194 85.72067 85.98032 86.04796 86.57603 87.22527 87.9323 88.67966 89.46423 90.85625 91.76143 92.71021 93.69684 94.71748 95.77768 96.89755 98.11031 100.2936 101.8405 103.5837 105.5183 107.6241 110.0233 112.6342 115.4352 118.4244 123.3863 126.8025 130.3107 133.8199 137.2061 140.3264 143.0233 145.0669 147.7606 149.0918 150.3594 151.6127 152.8463 154.0415 156.2579 157.2648 158.2034 159.4715 160.2493 160.978 161.6622 162.3062 162.9137 163.4882 164.0323 164.7747
81.63724 81.85302 82.27826 82.56867 82.8764 83.19286 83.5099 83.82118 84.12238 84.41179 84.68973 85.20835 85.47676 85.72971 85.99973 86.26755 86.50745 87.67548 88.40552 89.73888 90.5784 91.46929 92.41028 93.39523 94.41512 95.46418 96.54802 97.68851 99.76111 101.1562 102.7428 104.551 106.5906 108.8304 111.3521 114.0918 118.675 121.8702 125.207 128.653 132.1465 135.5911 138.8588 141.7981 145.4102 147.2545 148.7792 150.0996 151.3208 152.496 153.6386 154.7437 155.8021 157.3341 158.2267 159.0683 159.86 160.6048 161.9663 162.5902 163.1803 163.989 164.5063 164.9987
81.77438 82.16125 82.44318 82.74742 83.0674 83.39506 83.72227 84.0425 84.35109 84.86942 85.15999 85.45004 85.74327 86.00267 86.31053 86.64877 87.02919 88.13443 88.80067 89.5393 90.34177 91.20621 93.10966 94.13094 95.18164 96.25445 98.21067 99.37357 100.6329 102.0463 103.6694 105.5329 107.6313 110.075 114.2713 117.2719 120.4157 123.6856 127.0617 130.504 133.9453 137.2868 140.4068 144.3163 146.432 148.1955 149.6829 150.9816 152.1679 153.289 154.365 156.0066 156.9438 157.8361 158.6826 159.4835 160.2399 160.9542 161.6289 162.2672 163.1497 163.7064 164.2358 165.2201
82.02872 82.2997 82.59573 82.91301 83.24525 83.58457 83.92268 84.44885 84.772 85.07492 85.36166 85.652 85.98354 86.27401 86.64398 87.07179 88.07893 88.70688 89.39759 90.15396 90.98013 91.87831 92.84438 93.86616 95.7906 96.89933 98.00633 99.12476 101.5513 102.9776 104.6463 106.6145 108.8631 112.9231 115.8925 119.0093 122.2386 125.5582 128.9424 132.3462 135.698 140.4333 143.1635 145.4351 147.3865 149.0552 150.4933 151.7625 152.918 153.9987 155.6277 156.5671 157.4613 158.3117 159.1192 159.8847 160.6097 161.2963 162.2586 162.8557 163.4237 163.9644 164.4795 164.9705
82.14525 82.42822 82.73628 83.06526 83.40901 83.75983 84.28153 84.63252 84.96465 85.26904 85.53789 85.77112 86.02471 86.47452 87.36134 87.96674 88.60326 89.27725 90.00052 90.78752 91.65135 92.5966 93.6154 95.58723 96.73769 97.87563 98.99368 100.1127 101.275 102.5343 103.9602 106.8001 109.0026 111.6308 117.6391 120.8519 124.1417 127.4802 130.837 134.1664 139.0156 141.8407 144.2952 146.4219 148.254 149.8399 151.2274 152.4638 154.2051 155.2251 156.1828 157.0883 157.9473 158.7629 159.5371 160.2717 160.9688 161.956 162.5635 163.142 163.693 164.2184 164.7194 165.1973
