public/沉降量2015-2021（地形转栅格）/cjl2016.txt
ncols         346
nrows         239
xllcorner     104.24612109509
yllcorner     31.067832478695
cellsize      0.00084765149693467
NODATA_value  -9999
[rows 28 to 55 of 239, columns 128 to 191 of 346]
65.85822 65.58992 65.4354 65.28178 65.13828 64.93246 64.81595 64.71126 64.61623 64.52109 64.42137 64.31445 64.19929 63.9397 63.80684 63.66844 63.52607 63.38138 63.23569 63.0897 62.9438 62.65937 62.51431 62.3719 62.2337 62.10094 61.97417 61.85275 61.73482 61.61797 61.38681 61.27263 61.14087 61.00266 60.98212 60.72615 60.46535 60.21601 59.55945 59.20131 58.76909 58.26032 57.67468 56.28244 55.48376 54.6217 53.69911 52.18419 51.14584 50.05588 48.913 47.71365 46.45344 45.12903 43.73937 41.8078 40.2998 38.72932 37.09538 35.39832 33.6427 31.83906 30.00506 28.16426
65.77043 65.65307 65.51456 65.28594 65.13866 64.99399 64.85818 64.61831 64.50911 64.40454 64.29771 64.06216 63.93805 63.80838 63.67335 63.5337 63.39059 63.24537 63.09913 62.95247 62.66974 62.52272 62.3774 62.23523 62.09777 61.96631 61.84147 61.72274 61.48939 61.38322 61.28547 61.19989 61.0974 60.99371 60.60567 60.28856 60.08147 59.52657 59.20777 58.82225 58.36314 57.82847 57.21893 56.5373 55.78771 54.4759 53.59254 52.65494 51.66556 49.53853 48.39981 47.20612 45.95245 44.63518 42.79205 41.35588 39.85764 38.29663 36.67092 34.97984 33.22768 31.42588 29.22495 27.40013
65.65913 65.44218 65.32887 65.1994 65.06081 64.92046 64.78407 64.65453 64.53134 64.41248 64.19431 64.0703 63.94402 63.68133 63.54395 63.40276 63.25856 63.11236 62.83348 62.68451 62.53596 62.38873 62.24395 62.103 61.96735 61.83807 61.71578 61.48124 61.37134 61.26281 61.16595 61.11158 61.00221 60.98622 60.56573 59.98402 59.6062 59.25878 58.88602 58.45978 57.96746 57.40453 56.77077 55.60672 54.82513 53.98718 53.0959 52.15359 51.16247 50.12443 49.03993 47.90672 46.25593 45.01931 43.72003 40.9309 39.44309 37.89242 36.27627 34.59325 32.50381 30.71606 28.89922 27.08532
65.40295 65.32055 65.22001 65.10329 64.97501 64.84107 64.70656 64.57439 64.35663 64.22427 64.09243 63.96089 63.82846 63.6944 63.55785 63.4182 63.27535 63.00357 62.85411 62.55322 62.40403 62.25723 62.11395 61.9753 61.84219 61.59711 61.47766 61.36371 61.2521 61.13 61.00256 60.99232 60.85349 60.38582 60.10591 59.75298 59.37524 58.98765 58.56992 58.10345 57.577 56.98552 55.88697 55.14853 54.35396 53.50686 52.60999 51.66531 50.67464 49.6396 48.09992 46.98268 45.8146 44.58892 43.30084 41.94888 40.53403 39.05738 37.51794 35.58183 33.92202 30.4229 28.6179 26.81565
65.2681 65.19247 65.10242 64.99741 64.87973 64.75327 64.62219 64.39694 64.26196 64.12535 63.98824 63.85123 63.71421 63.57658 63.43735 63.17544 63.02872 62.879 62.72712 62.57442 62.42255 62.27312 62.12762 61.86243 61.6065 61.4833 61.36177 61.24435 61.13309 60.99845 60.80904 60.65252 60.22401 60.05192 59.79882 59.47352 59.10007 58.69068 58.24043 57.74035 56.77921 56.13991 55.44324 54.69108 53.88667 53.03341 52.13377 51.18945 50.20177 48.72169 47.65907 46.5527 45.39665 44.18375 42.90855 41.56919 40.1665 38.37761 36.86314 35.28439 33.63953 31.9315 30.17154 28.38082
65.13281 65.06082 64.9781 64.88261 64.77442 64.54785 64.42566 64.29556 64.15985 64.02082 63.88042 63.74005 63.60015 63.34436 63.20184 63.05637 62.90717 62.75446 62.59946 62.44416 62.29087 62.14185 61.86921 61.73918 61.61646 61.49732 61.37658 61.24936 61.11761 60.9995 60.4342 60.17648 59.94309 59.74313 59.48656 59.16536 58.78826 58.36238 57.88778 56.96054 56.35918 55.70329 54.99348 54.23179 53.42137 52.56549 51.66644 50.27333 49.30042 48.28896 47.2382 46.14487 45.00287 43.8047 42.54422 40.8996 39.52489 38.08656 36.58571 35.02173 33.39352 31.70355 29.96178 28.18737
65.00049 64.9285 64.84956 64.63379 64.53825 64.43126 64.31313 64.18533 64.05013 63.91032 63.76851 63.62666 63.36954 63.22794 63.08429 62.9367 62.78439 62.62787 62.46899 62.31065 62.01583 61.8702 61.73694 61.61581 61.50397 61.39602 61.28396 61.15619 61.00183 60.78814 60.54359 60.27312 59.99387 59.72472 59.46664 59.1766 58.44571 57.61152 57.09953 56.53601 55.92057 55.25338 54.53543 53.76885 52.95674 51.6432 50.75652 49.83287 48.87222 47.87427 46.83797 45.75999 44.63418 43.45278 41.90433 40.61265 39.25408 37.83057 36.34408 34.79554 33.18503 31.51483 29.66635 27.92998
64.87217 64.79683 64.58839 64.50458 64.41167 64.30794 64.19296 64.06747 63.93364 63.7944 63.53355 63.39252 63.25161 63.10968 62.96459 62.8143 62.65806 62.49684 62.33335 62.02495 61.86834 61.72591 61.60023 61.49025 61.39219 61.29973 61.20707 61.00024 60.8625 60.64365 60.37825 60.08682 59.78491 59.48308 59.17898 58.49656 58.10241 57.66817 57.18911 56.66255 56.08714 55.46255 54.06811 53.30148 52.02774 51.18858 50.31404 49.40453 48.45956 47.47826 46.45921 45.39905 43.97685 42.83564 41.63176 40.35999 39.01935 37.61198 36.14073 34.60811 33.01575 31.25949 29.58184 27.86654
64.71506 64.62579 64.54153 64.46085 64.37534 64.28277 64.06755 63.94402 63.8119 63.55035 63.41129 63.27129 63.13065 62.98795 62.84079 62.68702 62.52604 62.21429 62.03996 61.87032 61.71297 61.57479 61.45868 61.3613 61.27731 61.08954 61.00004 60.8701 60.69231 60.45245 60.16797 59.8567 59.53161 59.19963 58.49498 58.10364 57.68439 57.23015 56.73579 56.1979 55.61468 54.98557 53.81956 53.10675 52.3541 51.56397 50.73891 49.88052 48.0632 47.10185 46.103 44.75426 43.69123 42.57365 41.39318 40.14368 38.82316 37.43356 35.97867 34.36231 32.80636 31.19798 29.54237 27.84862
64.60616 64.51286 64.42208 64.33551 64.24625 64.15302 64.05133 63.81013 63.68855 63.55894 63.42382 63.14622 63.00513 62.86086 62.71083 62.41078 62.23978 62.06219 61.88292 61.70955 61.55165 61.4189 61.31545 61.2321 61.06746 61.00082 60.89587 60.72163 60.49426 60.21972 59.90936 59.57519 58.86637 58.48235 58.08511 57.66962 57.22954 56.75887 56.25264 55.70715 55.1202 53.98058 53.31676 52.61478 51.87583 51.10185 50.29504 49.45682 48.58702 47.3236 46.41251 45.46372 44.47361 43.43673 41.19076 39.96604 38.66814 37.20993 35.79263 34.31192 32.77449 31.18617 29.55219 27.87997
64.49625 64.39893 64.30063 64.20136 64.11615 63.89788 63.79366 63.68059 63.55865 63.42914 63.29424 63.15609 63.01587 62.87323 62.58272 62.42562 62.26006 61.90557 61.72366 61.54809 61.38997 61.26363 61.06589 61.00053 61.00016 60.99672 60.79367 60.53921 60.25306 59.93774 59.59767 58.84645 58.45251 58.04734 57.62937 57.19477 56.73858 56.25568 55.7415 54.65567 54.07333 53.45628 52.80414 52.11715 51.39611 50.64247 49.85807 48.64326 47.82866 46.98285 46.10242 45.18388 44.22333 43.21548 42.1529 41.02687 39.73717 38.49305 37.17133 35.77639 32.79774 31.22955 29.61699 27.96629
64.38339 64.28476 64.18527 64.08699 63.87176 63.77123 63.66432 63.54946 63.42637 63.29602 63.16019 63.02066 62.73151 62.58229 62.42838 62.26834 62.10126 61.92747 61.74892 61.56947 61.39596 61.12074 61.00117 60.92269 60.86052 60.76969 60.55019 60.264 59.94179 59.18842 58.80055 58.39938 57.98721 57.56464 57.13036 56.68133 56.21355 55.16238 54.64425 54.09933 53.52503 52.91987 52.28328 51.61527 50.9162 50.18703 49.00938 48.25576 47.47475 46.66336 45.81752 44.93298 44.00546 43.02976 41.88567 40.82495 39.69128 38.47863 37.18567 35.81618 34.37814 32.8811 31.33381 29.93635
64.26477 64.16631 63.94137 63.84267 63.74318 63.64007 63.53092 63.41421 63.28948 63.15738 63.01942 62.72326 62.5734 62.42 62.26274 62.1012 61.93555 61.76703 61.59733 61.30609 61.172 61.06813 60.99939 60.9108 60.78399 60.64381 60.46808 59.82045 59.483 58.72466 58.31909 57.90169 57.4745 57.03812 56.59151 56.1323 55.07215 54.57717 54.06261 53.52528 52.96258 52.37292 51.75562 51.11042 49.96046 49.29248 48.59994 47.88274 47.13943 46.36659 45.55945 44.71293 43.82219 42.77457 41.81602 40.79217 39.69456 38.51648 37.2556 35.91499 34.50259 33.24444 31.74459 30.20158
64.13773 63.90313 63.80514 63.70638 63.6057 63.50098 63.39012 63.27161 63.14487 62.85208 62.70738 62.55708 62.40289 62.24574 62.08625 61.92525 61.76445 61.44743 61.31845 61.19362 61.08066 61.00078 60.91402 60.76707 60.57751 60.36266 59.716 59.37772 59.01044 58.61974 58.21145 57.7901 57.35877 56.91926 55.87106 54.94044 54.46133 53.9694 53.46168 52.93523 52.38752 51.81687 51.22243 50.09623 49.48664 48.85533 48.20181 47.52534 46.82404 46.09404 45.32987 44.37283 43.56786 42.70974 41.79232 40.80826 39.74942 38.60889 37.38333 36.29797 34.94712 33.52942 32.05735 30.54168
63.85254 63.75497 63.65706 63.55811 63.45673 63.35098 63.23875 62.95208 62.82087 62.68042 62.53201 62.37777 62.22004 62.06067 61.90109 61.74313 61.41611 61.29058 61.1948 61.09385 61.00079 60.99708 60.80844 60.57156 59.9655 59.62703 59.26975 58.89237 58.49567 58.08246 57.65622 57.22006 56.77633 55.70098 55.23922 54.77401 54.30408 53.82738 53.3414 52.84347 52.33092 50.68246 50.14385 49.58891 49.01673 48.42617 47.816 47.18475 46.52993 45.62758 44.96277 44.25624 43.50062 42.68948 41.8167 40.87544 39.85807 38.75775 37.81834 36.58437 35.26919 33.88422 32.44295 30.95739
63.79238 63.69323 63.59464 63.49603 63.2942 63.18743 62.8936 62.77039 62.63731 62.49438 62.34293 62.1858 62.02649 61.86785 61.52472 61.38604 61.25207 61.13773 61.08758 60.99999 60.89306 60.78905 60.56785 59.91533 59.55494 59.17393 58.77732 58.36663 57.94304 57.50832 57.06478 55.97821 55.51307 55.047 54.58054 54.11349 53.64487 53.17292 52.69538 51.56298 51.08628 50.60148 50.10676 49.60085 49.08289 48.55177 48.00597 46.86207 46.01075 45.43652 44.82823 44.17728 43.47537 42.71529 41.89078 40.99542 40.24258 39.22981 38.12691 36.93409 35.65733 34.30795 32.90019 31.44751
63.62493 63.52259 63.42155 63.32106 63.02715 62.92137 62.81188 62.69638 62.57262 62.43882 62.14152 61.98325 61.82531 61.47883 61.34746 61.23689 61.12168 61.00126 60.99937 60.88239 60.71578 60.184 59.85291 59.48226 59.08429 58.66854 58.24023 57.80184 57.35485 56.26193 55.7886 55.31422 54.84038 54.36826 53.89861 53.43137 52.96587 52.50063 51.35892 50.90514 50.44997 49.99142 49.52767 49.05737 48.57954 48.09295 47.19691 46.74276 46.275 45.78812 45.27526 44.72804 43.49305 42.78807 42.01546 41.39642 40.51918 39.55344 38.49563 37.34591 36.10979 34.79837 33.42647 32.63744
63.4479 63.34058 63.2353 62.92599 62.81754 62.7087 62.59769 62.48217 62.35949 62.22711 62.08389 61.71746 61.56106 61.41427 61.29342 61.17887 61.07155 61.00044 60.9036 60.46494 60.13797 59.78369 59.39976 58.98917 58.55852 58.11409 57.66016 57.19917 56.07801 55.59379 55.10905 54.62543 54.14462 53.66803 53.19666 52.73075 51.56025 51.11371 50.67387 50.23915 49.8078 49.37786 48.94758 48.51555 48.0807 47.20066 46.81118 46.41714 46.01297 45.59162 45.14478 44.66299 44.13602 43.65713 43.07338 42.41504 41.67591 40.85052 38.92266 37.81742 36.62352 35.96357 34.6687 33.32682
63.26129 62.94215 62.82223 62.70541 62.59119 62.47865 62.3664 62.25238 62.13355 61.78044 61.65034 61.5093 61.35246 61.20908 61.12533 61.00221 60.99958 61.00024 60.64654 60.39864 60.07024 59.6995 58.87851 58.4367 57.98003 57.51302 56.37936 55.88725 55.39323 54.89866 54.40515 53.9145 53.42863 52.94927 52.47775 51.28635 50.83987 50.40533 49.98199 49.56856 49.16335 48.76443 48.36995 47.45069 47.10864 46.77259 46.44102 46.11034 45.77375 45.42223 45.04566 44.63813 44.24934 43.80058 43.28202 42.68552 42.00454 41.23356 40.36789 39.40467 38.92258 37.81533 36.6265 35.37195
62.85957 62.72635 62.59634 62.47067 62.34967 62.23309 62.1203 62.00986 61.66098 61.55679 61.43943 61.31917 61.15902 61.00392 60.99555 60.866 60.46883 60.33849 60.16401 59.8937 59.54963 59.15806 58.73508 58.28926 57.82644 56.67678 56.1831 55.68475 54.68145 54.17953 53.67982 53.18434 52.69537 51.46845 51.00166 50.54936 50.11268 49.69213 49.28755 48.89793 48.52152 47.55991 47.24346 46.93852 46.64496 46.36222 46.08966 45.82475 45.559 45.28088 44.9411 44.67543 44.3587 43.97983 43.52869 42.9968 42.3771 41.66339 41.37545 40.51124 39.54305 38.47899 37.33193 36.11844
62.64617 62.50127 62.35991 62.22457 62.09655 61.97604 61.60357 61.50355 61.42688 61.34131 61.23076 61.15747 61.00012 60.83684 60.41014 60.22111 60.03256 59.83312 59.59626 59.29616 58.937 58.53306 58.09712 56.93563 56.45441 55.96248 55.4635 54.95999 54.45382 53.94659 53.44009 52.179 51.67993 50.71374 50.25233 49.80841 49.38371 48.97953 48.59634 48.2335 47.27502 46.98559 46.71113 46.45094 46.20635 45.9763 45.76162 45.56371 45.21237 45.08504 44.93273 44.74082 44.49572 44.18742 43.80524 43.34057 42.78571 42.63199 41.93293 41.11926 40.19617 39.17444 38.06886 36.89703
62.42745 62.26995 62.11649 61.97171 61.583 61.45798 61.353 61.24899 61.20549 61.14603 61.00555 60.99314 60.80239 60.24011 59.99945 59.75728 59.51182 59.25361 58.96627 58.63534 58.25943 57.11225 56.66245 56.19318 55.70977 55.21632 54.71593 54.21082 53.70268 53.1932 51.91692 51.41156 50.91372 50.42734 49.956 49.50269 49.06985 48.65978 47.58743 46.95881 46.69155 46.44616 46.21542 45.99973 45.80474 45.62528 45.46321 45.13926 45.08746 45.03027 44.94796 44.82658 44.64986 44.41181 44.0993 44.07041 43.66146 43.14812 42.51129 41.74833 40.86893 39.88825 38.82384 38.49564
62.37508 62.20719 62.03686 61.47169 61.34509 61.21909 61.13805 61.00408 61.00025 60.99384 60.82778 60.30991 60.06584 59.79277 59.50938 59.2206 58.92601 58.61919 58.29018 57.93016 56.78352 56.34898 55.89403 55.42284 54.93941 54.44701 53.94786 53.44363 52.15894 51.65045 51.14244 50.63895 50.14465 49.66428 49.20193 48.76055 47.63809 47.26785 46.93075 46.63168 46.37242 46.15382 45.95869 45.77297 45.59888 45.10704 45.00141 44.99987 45.00005 44.99995 44.97663 44.91988 44.80404 44.84024 44.6628 44.41375 44.09172 43.66526 43.09528 42.38223 41.54458 40.60393 40.32253 39.28437
62.16706 61.78173 61.58806 61.39655 61.23502 61.14275 61.00418 60.99508 60.84938 60.67771 60.08459 59.84733 59.57276 59.27069 58.95286 58.62562 58.29037 57.94394 56.84674 56.43827 56.01161 55.56734 55.10765 54.63537 54.15318 53.66322 52.38013 51.88158 51.37822 50.87207 50.36664 49.86698 49.37901 48.90862 48.4603 47.34416 46.97279 46.62936 46.32186 46.05863 45.83936 45.67995 45.54417 45.13867 45.00328 44.99976 44.99913 44.93219 44.92745 44.94941 44.98 44.99968 45.0005 44.99917 44.87713 44.70154 44.48213 44.16442 43.66426 42.99863 42.81252 41.95934 41.02996 40.04451
61.76849 61.58607 61.38562 61.18082 61.00513 60.99401 60.84332 60.73863 60.2247 60.03479 59.82915 59.59155 59.32105 59.01847 58.68992 57.98492 56.91461 56.51107 56.09671 55.66985 55.22967 54.77685 54.313 53.8401 53.35978 52.08331 51.59442 51.09975 50.60001 50.09745 49.59634 49.10291 48.62482 47.45848 47.06189 46.70131 46.3672 46.0563 45.78279 45.56343 45.37596 45.28941 45.00015 44.99752 44.89551 44.86879 44.86892 44.85342 44.86802 44.9073 44.9269 44.98811 45.03264 45.0535 45.0621 44.99995 44.89832 44.62154 44.18593 44.03962 43.34844 42.55599 41.68675 40.76189
61.57878 61.40142 61.20146 60.99928 60.81956 60.7181 60.20589 60.00545 59.78947 59.56031 59.31393 59.04239 58.74261 58.41476 58.06275 57.00803 56.6043 56.19049 55.76783 55.33622 54.44436 53.98479 53.51781 52.25553 51.77993 51.30047 50.81613 50.32629 49.83163 49.33464 48.8403 48.35622 47.19408 46.78841 46.43383 46.12841 45.84686 45.57438 45.3385 45.18953 44.84998 44.80405 44.79914 44.79744 44.75449 44.73904 44.74777 44.76542 44.73248 44.80706 44.88813 44.96541 45.02923 45.07262 45.09048 45.06024 45.00063 45.08162 45.00261 44.81061 44.38442 43.79105 43.07899 41.42614
61.38902 61.21143 60.99988 60.77834 60.57109 60.02495 59.79004 59.54815 59.2954 59.0302 58.74908 58.44714 58.12123 57.09451 56.70436 56.29783 55.87877 55.4502 55.01381 54.56999 54.11877 53.66063 52.41625 51.94748 51.47704 51.00491 50.05165 49.56853 49.08163 48.59369 47.42049 46.96909 46.54723 46.17473 45.87243 45.64654 45.44044 45.21231 44.84081 44.77425 44.68281 44.63273 44.61565 44.61066 44.59959 44.60471 44.63034 44.57711 44.65549 44.74572 44.84073 44.9323 45.01246 45.0742 45.11084 45.15509 45.16582 45.1584 45.10849 44.99363 44.65287 44.15416 43.52958 42.81223
61.19535 61.00072 60.76028 60.17112 59.88247 59.60243 59.3242 59.04263 58.75389 58.45522 58.1433 57.8142 56.78127 56.39317 55.98797 55.56843 55.13786 54.69912 54.25369 53.80221 52.57724 52.11367 51.64759 51.18055 50.71345 50.2463 49.77814 49.30779 48.13418 47.67879 47.2293 46.79 45.97523 45.63853 45.38955 45.27087 45.16929 44.84864 44.70337 44.60683 44.52272 44.47064 44.44615 44.441 44.44739 44.34263 44.40263 44.48113 44.57462 44.67818 44.78565 44.89027 44.98538 45.06467 45.12175 45.17516 45.2024 45.19689 45.13839 45.00288 44.82073 44.4408 44.23234 43.67911
