public/沉降量2015-2021（地形转栅格）/cjl2019.txt
ncols         346
nrows         239
xllcorner     104.24612109509
yllcorner     31.067832478695
cellsize      0.00084765149693467
NODATA_value  -9999
[rows 28 to 55 of 239, columns 256 to 319 of 346]
78.57643 78.85445 79.06651 79.92491 80.29696 80.72658 81.18607 81.64374 82.07236 82.45644 82.79056 83.01759 83.51659 83.9232 84.41539 84.96436 85.54582 86.14052 86.72717 87.26109 87.95631 88.00794 88.1962 88.56918 89.08147 89.66544 89.93878 90.0665 90.13719 91.02251 91.67615 92.75911 94.26251 96.0813 98.15642 100.4422 102.902 108.571 111.4021 114.3356 117.3629 120.4574 123.5725 126.6423 132.3129 134.7881 138.363 139.9587 141.3627 142.685 144.0353 145.4364 146.8594 148.2748 150.6193 151.9211 153.1672 154.3514 155.4709 156.5251 157.5158 158.4462 159.32 160.692
79.07776 79.22664 79.95483 80.18208 80.47 80.82113 81.21916 82.03233 82.37994 82.67268 83.02823 83.38126 83.79897 84.27882 84.80518 85.35447 85.91085 86.46953 87.2431 87.74316 88.00801 88.13194 88.31254 88.64316 89.1407 89.76474 90.36391 91.14537 91.36076 91.88011 92.86822 94.39023 96.27441 98.41532 100.7495 106.2877 108.977 111.7392 114.574 117.4772 120.439 123.43 126.3983 129.2739 134.1032 136.1906 138.0462 139.6909 141.1485 142.5022 145.1478 146.5138 148.9137 150.2429 151.5413 152.7944 153.9922 155.1293 156.2035 157.2151 158.1663 159.6479 160.4583 161.222
80.17816 80.33134 80.50667 80.72062 80.98805 81.31349 81.68106 82.05936 82.7477 82.97343 83.02188 83.26626 83.65924 84.66897 85.2186 85.75581 86.26418 87.01497 87.40304 87.93575 88.11902 88.22485 88.36548 88.62741 89.06777 89.5853 90.38857 91.25594 92.02075 93.06712 94.61887 96.55936 98.76857 101.1593 106.9264 109.576 112.2599 114.9818 117.7464 120.5514 123.3857 126.2193 131.3334 133.7295 135.8888 137.75 139.4136 140.9198 142.3023 143.6238 144.9259 147.3047 148.6071 149.9055 151.1854 152.4321 154.7814 155.8713 156.9016 158.5072 159.3868 160.216 160.998 161.7358
80.74668 80.88928 81.04672 81.23344 81.4671 81.75864 82.09439 82.74539 82.98061 83.15457 83.30595 83.59424 84.0182 84.53412 85.0994 86.14532 86.65923 87.06105 87.34754 87.99219 88.1539 88.27887 88.38911 88.58209 88.99023 89.69244 90.67963 91.86407 93.21746 94.94403 96.99997 99.30124 105.2456 107.8654 110.4714 113.0645 115.6546 118.254 120.873 123.5119 126.1587 131.104 133.4054 135.5449 137.4377 139.0972 140.6187 142.0392 143.3938 145.7647 147.0604 148.3428 149.6148 150.8709 152.1014 153.2958 154.4452 155.5434 157.2826 158.2291 159.1246 159.9707 161.5243 162.2372
81.30701 81.43781 81.56973 81.71779 81.90128 82.49268 82.73112 82.97429 83.03506 83.304 83.59231 83.95741 84.42325 84.96997 86.0365 86.63867 87.16054 87.56033 87.90038 87.99265 88.09117 88.20703 88.36369 88.58045 89.28313 90.22337 91.58004 93.26073 95.29227 97.58272 100.0534 106.5214 109.1852 111.7614 114.2588 116.6986 119.1065 121.5042 123.9067 128.938 131.0697 133.1688 135.2147 137.1082 138.8078 140.2825 141.6681 143.0811 145.5022 146.8147 148.0987 149.3594 150.598 151.8113 152.993 154.1361 156.0052 157.0081 157.9632 158.87 159.7294 160.5429 161.3124 162.0402
81.84251 81.96994 82.07234 82.17407 82.71654 82.93423 83.02811 83.21342 83.35545 83.62219 83.95807 84.36776 85.32382 85.88477 86.48636 86.98363 87.58298 87.8382 88.0043 88.06859 88.14911 88.2017 88.38934 88.75804 89.14377 89.96787 91.33952 93.25455 95.62157 102.0704 108.1353 110.9167 113.506 115.9238 118.208 120.4016 122.5462 127.6946 129.5107 131.3484 133.1893 134.9846 136.7594 138.494 140.0855 141.435 143.9257 145.2577 146.5744 147.8649 149.126 150.3576 151.5594 152.729 154.7114 155.7569 156.7594 157.7176 158.6309 159.4995 160.3239 161.1056 161.846 163.0469
82.33212 82.47969 82.99459 83.00262 83.0495 83.25473 83.40395 83.58043 83.77278 84.04665 84.88942 85.31194 85.79969 86.32863 86.87912 87.46889 87.93076 88.00745 88.08562 88.16098 88.22716 88.26368 88.46509 88.97577 89.81564 91.212 93.22874 99.54424 103.1557 106.6937 110.0047 113.012 115.6981 118.0875 120.2348 122.2084 129.0417 130.4989 131.986 133.5294 135.1103 136.6373 138.2219 139.7793 142.4294 143.7603 145.0695 146.3694 147.6536 148.9132 150.1424 151.3386 152.5 154.5001 155.5404 156.5399 157.4977 158.4134 159.2869 160.1185 160.909 162.2049 162.8891 163.5387
83.04735 83.25615 83.37676 83.44458 83.52943 83.69416 83.86066 84.04548 84.26048 85.07549 85.41226 85.81923 86.2877 86.76456 87.19849 87.70608 88.01122 88.14073 88.03714 88.16779 88.34894 88.42989 88.82542 89.69333 91.12989 93.28146 100.1232 104.1819 108.2162 111.9807 115.3367 118.2334 120.6871 122.7584 128.6337 129.7767 130.837 131.9012 133.0179 134.1746 135.4333 136.7845 139.6164 142.2972 143.6273 144.9292 146.2122 147.4806 148.73 149.9534 151.1449 153.2433 154.3185 155.354 156.3497 157.3052 158.2204 159.0956 159.9309 160.727 162.0506 162.7414 163.3984 164.0229
83.42148 83.49812 83.66385 83.81178 83.93221 84.21478 84.38759 85.15906 85.38297 85.64071 85.94563 86.32386 86.7916 87.25575 87.65374 87.9893 88.20232 88.1494 88.09033 88.15242 88.4107 88.85181 89.72298 91.18858 96.78905 100.7323 105.1387 109.6261 113.8806 117.6759 120.9008 123.5375 125.6376 131.4312 132.3036 133.0023 133.6573 134.3704 135.1997 136.0515 137.0396 139.6868 140.9258 142.2145 143.5167 144.8111 146.0871 147.3438 149.7942 150.9787 153.092 154.1629 155.1946 156.1866 157.1391 158.0525 158.9273 159.7638 161.1818 161.911 162.6062 163.2685 163.8991 164.4993
83.86769 83.97951 84.13913 84.30276 84.45726 84.61113 85.3573 85.54785 85.75871 85.987 86.22153 86.77911 87.2562 87.68647 88.00405 88.11584 88.18197 88.19837 88.23967 88.46536 89.00775 89.96673 94.38139 97.49104 101.4238 106.0581 110.8816 115.541 119.7809 123.3981 126.323 132.9098 134.1098 134.8552 135.3046 135.6199 135.9411 136.3678 136.9742 139.0861 139.9235 140.9788 142.1701 143.4245 144.6994 145.97 147.2235 148.4548 150.7148 151.8563 152.9619 154.0296 155.0582 156.0474 157.9085 158.7819 160.2923 161.0569 161.7876 162.4854 163.1511 163.7859 164.391 164.9676
84.32274 84.46898 84.64316 84.82571 85.55405 85.74352 85.92889 86.12648 86.35474 86.59861 86.81616 86.97845 87.58646 87.9549 88.04439 88.00882 88.07688 88.43904 88.78331 89.39381 90.43871 95.31105 98.4762 102.5117 107.1274 112.0738 116.9552 121.4569 125.4088 132.7083 134.6773 136.0204 136.8271 137.2288 137.3845 137.4688 137.6416 137.9611 139.67 140.2746 141.1078 142.1621 143.3428 144.585 145.846 147.1002 149.4164 150.5967 151.7406 152.8466 153.9136 154.9409 155.9285 156.8766 157.786 159.3873 160.1859 160.9502 161.6812 162.3799 163.6851 164.2935 164.8739 165.8799
84.77908 84.95694 85.65047 85.87361 86.0916 86.2917 86.47275 86.66113 86.91223 87.1888 87.42122 87.99093 87.98698 88.0219 88.00247 87.99977 88.14232 88.50978 89.08073 91.91804 93.93286 96.51151 99.77336 108.3985 113.3281 118.2431 122.8174 126.7926 133.703 135.7355 137.2004 138.1367 138.6215 138.7705 138.7306 138.6818 139.6815 140.1168 140.6935 141.3092 142.2053 143.2852 144.473 145.7121 146.9636 149.2847 150.4748 151.627 152.7386 153.8088 154.8378 155.8258 156.7738 158.4658 159.2993 160.0972 160.8608 161.5915 162.2904 162.9586 163.5974 164.2078 165.278 165.8123
85.22971 85.88988 86.1227 86.3656 86.60539 86.81699 86.98079 87.11144 87.38148 87.99522 88.15923 88.15279 88.07199 87.98845 87.98991 88.13054 88.52982 89.25696 92.54149 94.92098 97.85429 101.4034 105.4432 109.9271 114.7287 119.5301 128.9447 131.9597 134.426 137.8507 138.8646 139.4623 139.7092 139.6973 139.5507 140.058 140.3564 140.8513 141.5132 142.2969 143.2711 144.387 145.5868 147.9351 149.1564 150.3531 151.5143 152.6345 153.7115 154.7451 155.7362 156.6856 158.3936 159.2274 160.0249 160.7879 161.518 162.2164 162.8845 163.5236 164.6594 165.219 165.7546 166.2675
86.0872 86.31697 86.5559 86.81322 87.08031 87.31546 87.47671 87.9859 88.02682 88.1833 88.25188 88.19275 88.08502 88.04534 88.17144 88.60082 91.03517 93.07101 95.73495 99.03876 102.9222 107.1882 111.6888 116.3149 126.4366 129.9016 132.7902 135.0751 136.8671 138.2347 139.2229 139.865 140.2099 140.6612 140.5346 140.6013 140.958 141.4737 142.3183 143.276 144.3433 146.654 147.854 149.0601 150.2519 151.4149 152.5403 153.6235 154.6627 155.6581 157.4635 158.3363 159.1706 159.9682 160.7306 161.4599 162.1575 162.825 164.0275 164.6118 165.1712 165.7072 166.2208 166.7131
86.48344 86.71475 86.94291 87.04234 87.48685 87.74841 88.17397 88.2585 88.29374 88.33828 88.31637 88.23041 88.1768 88.29111 89.77855 91.2812 93.48781 96.41934 100.0738 104.2393 108.7584 113.411 118.0002 127.7621 130.9758 133.6161 135.725 137.3452 138.5621 139.4463 140.0518 140.7298 140.8471 140.986 141.0247 141.0692 141.2629 141.773 142.4493 143.3497 146.7169 147.8671 149.0368 150.2048 151.3545 152.4742 153.5565 154.5974 156.5104 157.423 158.2957 159.1298 159.9269 160.6887 161.417 162.1134 162.7797 163.9931 164.5762 165.1348 165.6702 166.1836 166.6761 167.149
86.6035 86.86154 87.09225 87.28225 87.98733 88.01521 88.24512 88.39212 88.4393 88.42734 88.37463 88.34431 88.46177 89.94136 91.46365 93.73559 96.83618 100.7399 105.2046 109.9853 114.8578 125.252 129.0324 132.0807 134.5132 136.4128 137.8569 138.9228 139.6873 140.2102 140.9735 141.0675 141.198 141.5057 141.7491 141.988 142.3423 142.9164 145.0501 145.9531 146.9558 148.0243 149.1302 150.2503 151.3658 152.4627 154.5635 156.5017 157.4078 158.2763 159.1077 159.9026 160.6627 161.3892 162.084 163.3647 163.9712 164.5523 165.1093 165.6435 166.1559 166.6479 167.1206 167.5751
86.93772 87.21821 87.4725 87.9851 88.0008 88.01951 88.1194 88.34092 88.46208 88.46108 88.45906 89.06231 89.97337 91.52768 93.84364 97.05226 101.0459 105.6892 110.7112 115.8194 125.9629 129.9216 132.994 135.3392 137.0968 138.3833 139.3069 139.9647 140.9638 141.1719 141.5133 141.7779 142.0576 142.4297 142.7999 143.1862 143.6592 145.7661 146.5335 147.4064 148.3625 149.3756 150.4212 151.479 152.5324 154.6618 155.6126 156.5355 157.427 158.285 159.1087 159.8983 161.3773 162.0693 163.3579 163.9614 164.5399 165.0944 165.6265 166.1374 166.6282 167.0999 167.9758 168.3968
87.21887 87.71729 87.98679 88.12679 88.15407 88.1646 88.29582 88.2236 88.48074 88.44812 88.55338 88.94065 89.79975 91.3153 93.63971 100.9445 105.68 110.8566 121.2649 126.1952 130.2928 133.5048 135.9109 137.6431 138.8453 139.6573 140.7235 141.0525 141.4637 141.8489 142.2943 142.7208 143.1486 143.6074 144.0722 146.006 146.6108 147.2856 148.0421 148.8787 149.7816 150.7323 151.7114 153.8959 154.8179 155.7283 156.6199 157.4875 158.3276 159.1378 159.9172 160.6654 162.0864 162.7385 163.3638 163.9632 164.538 165.0895 166.1274 166.6163 167.5309 167.966 168.386 168.792
87.60356 87.8261 88.01254 88.20187 88.27616 88.29466 88.40678 88.46519 88.43199 88.4645 88.7493 89.48654 90.87865 93.10921 96.29663 100.362 109.4358 115.0293 120.56 125.6861 130.1034 136.1045 137.9296 139.15 139.9174 140.745 140.9972 141.4316 141.9938 142.5832 143.1875 143.7711 144.3349 146.18 146.8107 147.436 148.081 148.769 149.5131 150.315 151.1675 152.058 154.1786 155.0421 155.9039 156.7559 157.5918 158.4068 159.1975 159.9618 161.4482 162.1183 162.7626 163.3815 163.9756 164.5459 165.0934 165.6194 166.125 167.0782 167.5273 167.9608 168.3795 168.7844
87.80791 88.00168 88.19637 88.37457 88.4548 88.49178 88.59187 88.4949 88.44473 88.59641 89.15406 90.33836 92.35247 95.37603 99.3492 107.9802 113.6417 119.3372 124.7075 129.3791 133.0983 135.9012 137.9028 140.0259 140.5238 140.7485 140.8798 141.7676 142.5357 143.3272 144.1026 144.8365 146.6572 147.4014 148.1039 148.7845 149.4656 150.1669 150.902 151.6755 153.7119 154.5069 155.3141 156.1257 156.9346 157.7344 158.5197 159.2863 160.0312 161.5052 162.1636 162.7983 163.4094 163.997 164.5618 165.1048 165.6268 166.6176 167.0806 167.5273 167.9589 168.3761 168.7797 169.1707
87.99965 88.19305 88.40324 88.59652 88.65434 88.72926 88.62486 88.52063 88.55101 88.91734 89.8489 91.56781 94.25542 101.059 106.2177 111.8554 117.645 123.2381 128.2697 132.2938 135.3654 137.5892 139.8608 140.4694 140.7463 140.8565 141.0007 141.4356 142.204 143.1213 144.792 145.8279 146.7977 148.5161 149.2842 150.0158 150.7312 151.4486 152.181 154.0831 154.8373 155.6004 156.369 157.1381 157.9023 158.6568 159.3974 160.9061 161.5721 162.2178 162.842 163.4443 164.0247 164.5835 165.1213 165.639 166.6248 167.0849 167.5293 167.9587 168.3743 168.7766 169.1665 169.5449
88.13493 88.32954 88.53896 88.74045 88.78779 88.73977 88.64472 88.6119 88.82094 89.50396 90.90784 95.42525 99.47393 104.3764 109.8744 115.653 121.365 126.6589 131.1895 134.5882 138.3153 139.587 140.3335 140.6988 140.8325 140.9026 141.0977 141.753 143.1722 144.3142 145.4769 146.5995 147.6499 148.6189 149.5105 150.3371 151.1159 152.8721 153.631 155.1189 155.8597 156.6005 157.34 158.0752 158.8026 160.3196 160.9888 161.6409 162.2743 162.8882 163.4818 164.0549 164.6075 165.1401 166.1572 166.6311 167.0887 167.5307 167.9582 168.3721 168.7732 169.1622 169.8995 170.2563
88.10783 88.21638 88.5898 88.71196 88.75356 88.7307 88.71486 88.8468 89.33444 90.43361 94.35829 98.0489 102.6416 107.9158 113.5853 119.3219 124.7803 129.6261 135.4458 137.7229 139.2269 140.1393 140.6178 140.8072 140.8664 140.9938 141.3754 142.5461 143.6731 144.8922 146.1206 147.3049 148.4159 149.4431 150.3898 152.0882 152.9485 153.7634 154.5454 155.3049 156.0495 156.7838 157.51 158.2282 160.4007 161.0591 161.7008 162.3245 162.9296 163.5156 164.0821 164.6292 165.6733 166.1617 166.6332 167.0887 167.529 167.955 168.3676 168.7676 169.1559 169.889 170.2459 170.5937
88.20432 88.2858 88.42046 88.55467 88.65449 88.71516 88.7734 88.92216 91.45815 93.62328 96.88879 101.1329 106.1309 111.6215 117.2975 122.8297 127.8939 134.3445 136.9809 138.7676 139.8875 140.5101 140.7864 140.8503 140.8524 141.1311 141.9131 142.97 144.1809 145.456 146.7286 147.9538 149.1068 150.1779 151.865 152.8191 153.7123 154.5557 155.3599 156.134 156.8848 157.6174 159.0808 159.7731 160.4467 161.1021 161.7391 162.3576 162.9574 163.5382 164.643 165.6694 166.1566 166.627 167.0815 167.5209 167.9461 168.3581 168.7576 169.5059 169.873 170.2305 170.5789 170.919
88.25298 88.32193 88.41089 88.50703 88.60687 88.73274 88.94638 90.10236 91.37037 93.25299 96.05151 99.92331 104.613 109.874 120.9533 129.2128 133.1465 136.1171 138.2029 139.5595 140.3566 140.7538 140.8947 140.9003 141.0335 141.489 142.3501 143.4632 144.7126 146.0149 147.3099 148.5583 150.3228 151.4454 152.4951 153.4764 154.3967 155.2646 156.0888 156.877 157.6355 159.0464 159.7552 160.4396 161.1015 161.7419 162.3616 162.9611 163.5408 164.6194 165.1433 165.6488 166.1367 166.6078 167.0627 167.5026 168.3406 168.7404 169.4811 169.8494 170.2081 170.5577 170.899 171.2322
88.2823 88.32654 88.38321 88.46764 88.6098 89.16251 89.94553 91.18639 93.03266 95.63807 99.09357 103.4197 108.4035 117.7063 122.9472 127.7909 131.9739 135.2068 137.5634 140.142 140.6709 140.8969 140.9594 141.0138 141.3162 141.9379 142.8648 144.0045 145.2643 146.5708 148.4129 149.6694 150.8697 152.0046 153.0716 154.0733 155.0148 155.9027 156.7439 158.1456 158.9182 159.6563 160.3633 161.0421 161.6949 162.3235 162.9293 164.0164 164.5661 165.0952 165.6049 166.0964 166.5704 167.0279 167.47 167.8976 168.6721 169.0644 169.4453 169.8158 170.1765 170.5282 171.2062 171.5337
88.29097 88.31047 88.35466 88.53604 88.93983 89.67615 90.87386 92.66924 95.19189 98.4671 102.4942 107.1942 116.3217 121.5324 126.4365 130.7635 134.2997 136.8958 138.7103 139.8796 140.8023 140.9466 140.9629 140.9987 141.2044 142.4214 143.4053 144.5622 145.8206 147.6529 148.9346 150.184 151.3838 152.5245 153.6026 154.6187 155.5762 157.0017 157.8667 158.6861 159.464 160.2042 160.9102 161.5849 162.2309 162.8502 163.9116 164.4735 165.0126 165.5307 166.0292 166.5092 166.972 167.4187 168.2048 168.6142 169.0108 169.3957 169.7696 170.1335 170.488 170.8338 171.1714 171.7844
88.28114 88.28841 88.39618 88.71368 89.35036 90.44058 92.12781 94.55537 97.72803 101.6053 109.8149 114.9717 120.1661 125.1347 129.613 133.3492 136.1928 138.2227 139.5763 140.7204 140.9405 140.9738 140.9532 141.0224 141.4213 142.0559 142.9065 144.4612 145.6439 146.8909 148.164 150.6713 151.8666 153.0085 154.0927 155.1182 156.5511 157.4737 158.3461 159.1714 159.9533 160.6953 161.4007 162.0723 163.146 163.7533 164.333 164.8876 165.4189 165.9285 166.4182 166.8895 167.3435 168.1184 168.5352 168.9384 169.3289 169.708 170.0765 170.4351 170.7846 171.4044 171.734 172.0562
