public/沉降量2015-2021（地形转栅格）/cjl2017.txt
ncols         346
nrows         239
xllcorner     104.24612109509
yllcorner     31.067832478695
cellsize      0.00084765149693467
NODATA_value  -9999
[rows 168 to 195 of 239, columns 256 to 319 of 346]
168.7116 168.9046 169.0886 169.2639 169.4312 169.5738 169.7211 169.8616 169.9958 170.246 170.3629 170.4747 170.5816 170.6265 170.7215 170.8126 170.9 170.984 171.0648 171.1426 171.2176 171.2902 171.2762 171.3425 171.407 171.4699 171.5315 171.5918 171.6511 171.7096 171.6658 171.7219 171.7776 171.8332 171.8888 171.9445 172.0005 172.0569 172.1137 172.0551 172.1123 172.1703 172.2292 172.2892 172.35 172.412 172.4752 172.4127 172.4775 172.5437 172.6802 172.7505 172.8223 172.8954 172.97 173.046 172.9845 173.0625 173.1419 173.2228 173.305 173.3886 173.4734 173.5596
168.7227 168.9095 169.0876 169.2441 169.4009 169.5505 169.6932 169.8293 169.9593 170.0835 170.202 170.3153 170.367 170.4675 170.5637 170.7443 170.8291 170.9105 170.9889 171.0645 171.0525 171.121 171.1874 171.2519 171.3146 171.3758 171.4358 171.4945 171.5523 171.5052 171.5603 171.615 171.6695 171.7238 171.7782 171.8328 171.8877 171.8258 171.8805 171.9359 171.9921 172.0492 172.1071 172.1661 172.2261 172.287 172.2206 172.2832 172.3471 172.4123 172.479 172.547 172.6163 172.6871 172.6208 172.7676 172.8433 172.9203 172.9987 173.0786 173.1597 173.2422 173.326 173.2607
168.7265 168.9073 169.0647 169.2239 169.3757 169.5206 169.6589 169.7908 169.9168 170.0372 170.0964 170.2029 170.3048 170.4023 170.4956 170.585 170.6708 170.7531 170.8322 170.8229 170.963 171.0297 171.0942 171.1569 171.218 171.2776 171.336 171.288 171.343 171.3973 171.4511 171.5046 171.5579 171.611 171.6644 171.7179 171.6523 171.7054 171.7592 171.8136 171.8689 171.925 171.9821 172.0402 171.9696 172.0289 172.0894 172.1511 172.2141 172.2784 172.3442 172.4113 172.4797 172.4096 172.4801 172.5519 172.6252 172.6999 172.7759 172.8534 172.9323 172.9436 173.0254 173.1084
168.7119 168.8812 169.0427 169.1969 169.3439 169.4843 169.6182 169.7461 169.8137 169.9268 170.0349 170.1382 170.2371 170.3317 170.4222 170.509 170.5923 170.5863 170.661 170.7328 170.8021 170.869 170.9339 170.9967 171.0577 171.0123 171.1244 171.1789 171.2326 171.2857 171.3383 171.3906 171.4427 171.4948 171.4264 171.478 171.5297 171.582 171.6349 171.6884 171.7428 171.798 171.7236 171.78 171.8374 171.8959 171.9555 172.0164 172.0786 172.142 172.2069 172.1327 172.1994 172.2675 172.3371 172.4081 172.4805 172.5543 172.6295 172.5567 172.6336 172.7119 172.7914 172.8722
168.6935 168.8574 169.0138 169.1631 169.3055 169.4416 169.5714 169.6385 169.7533 169.863 169.9678 170.0681 170.164 170.2558 170.3437 170.3418 170.4203 170.4957 170.5683 170.6381 170.7055 170.7706 170.8336 170.8949 170.8468 170.9032 170.9585 171.0126 171.0659 171.1184 171.1703 171.2731 171.2021 171.2522 171.3025 171.3531 171.4041 171.4555 171.5076 171.5603 171.6137 171.5356 171.5902 171.6458 171.7024 171.7602 171.8191 171.8792 171.9406 171.8622 171.9254 171.99 172.0559 172.1233 172.192 172.2621 172.3337 172.4067 172.3306 172.4054 172.4815 172.5588 172.6374 172.7173
168.668 168.8266 168.978 169.1226 169.2607 169.3371 169.4592 169.5757 169.687 169.7935 169.8951 169.9924 170.0856 170.1747 170.1713 170.2508 170.3271 170.4004 170.4709 170.5388 170.6044 170.6678 170.6205 170.6786 170.7352 170.7903 170.8442 170.8971 170.9492 171.0005 171.0514 170.9783 171.0276 171.0767 171.126 171.1754 171.2252 171.326 171.3773 171.2953 171.3474 171.4003 171.4541 171.509 171.5649 171.6219 171.6801 171.7396 171.6575 171.7188 171.7812 171.845 171.9102 171.9768 172.0447 172.1141 172.0341 172.1055 172.1782 172.2521 172.3274 172.4039 172.4816 172.5606
168.4746 168.6353 168.9355 169.0756 169.1516 169.2755 169.3938 169.5069 169.615 169.7182 169.8169 169.9113 169.9126 169.9967 170.0774 170.1548 170.2289 170.3003 170.3689 170.435 170.4988 170.4492 170.5076 170.5642 170.6195 170.6733 170.7261 170.7778 170.8288 170.7541 170.803 170.8515 170.8998 170.9481 170.9966 171.0452 171.0942 171.1436 171.0581 171.108 171.1586 171.21 171.3154 171.3696 171.4248 171.4812 171.3948 171.453 171.5123 171.573 171.6348 171.6979 171.7624 171.8282 171.8954 171.812 171.8813 171.9519 172.0238 172.097 172.1714 172.2471 172.324 172.242
168.4399 168.5955 168.6926 168.8302 168.9618 169.0875 169.2078 169.3226 169.5371 169.6373 169.644 169.7331 169.8184 169.9002 169.9786 170.0539 170.1261 170.1955 170.2623 170.2141 170.2747 170.3335 170.3906 170.4459 170.4999 170.5525 170.6042 170.5282 170.5772 170.6257 170.6736 170.7213 170.7688 170.8164 170.864 170.9119 170.8231 170.8712 170.9199 170.9692 171.0191 171.0699 171.1215 171.1741 171.0832 171.1372 171.1924 171.2487 171.365 171.425 171.4862 171.5487 171.6125 171.525 171.5908 171.6581 171.7266 171.7964 171.8676 171.9401 172.0137 171.9285 172.0038 172.0802
168.3489 168.4947 168.6343 168.7677 168.8952 169.0172 169.1339 169.2453 169.3517 169.3643 169.4589 169.5494 169.6361 169.7986 169.8749 169.9482 170.0185 169.9725 170.036 170.0973 170.1565 170.2139 170.2696 170.3237 170.3765 170.428 170.3494 170.3981 170.4463 170.4938 170.541 170.5878 170.6346 170.6815 170.5898 170.6364 170.6833 170.7308 170.7789 170.8276 170.877 170.9272 170.9783 170.884 170.9364 170.9899 171.0445 171.1003 171.1573 171.2155 171.2749 171.1827 171.2441 171.3705 171.4356 171.5022 171.57 171.6392 171.7097 171.7814 171.6933 171.7667 171.8412 171.917
168.2927 168.434 168.5692 168.6986 168.8223 168.9407 169.0539 169.073 169.1734 169.2696 169.3616 169.4496 169.5339 169.6147 169.6921 169.7664 169.7229 169.7898 169.8542 169.9762 170.0341 170.0902 170.1446 170.1976 170.1184 170.168 170.2167 170.2646 170.3119 170.3586 170.405 170.4512 170.4973 170.4026 170.4484 170.4944 170.5408 170.5877 170.6353 170.6834 170.7323 170.6343 170.6843 170.7353 170.7873 170.8403 170.8943 170.9496 171.0062 171.0639 170.9684 171.028 171.0888 171.1508 171.2141 171.2787 171.3446 171.4117 171.3195 171.4591 171.5306 171.6032 171.6771 171.7522
168.2294 168.3664 168.4975 168.623 168.7431 168.858 168.8761 168.9782 169.0759 169.1694 169.259 169.3447 169.4267 169.5053 169.4648 169.5354 169.6034 169.6687 169.7317 169.7923 169.851 169.9076 169.9626 169.8833 169.984 170.0327 170.0805 170.1277 170.1742 170.2202 170.266 170.1689 170.2139 170.2589 170.3042 170.3497 170.3956 170.442 170.489 170.5367 170.4354 170.4841 170.5338 170.5843 170.6359 170.6884 170.742 170.7968 170.6977 170.7544 170.8122 170.8713 170.9316 170.9931 171.0558 171.1198 171.1852 171.09 171.1572 171.2257 171.2954 171.3663 171.4384 171.5115
168.1592 168.292 168.4192 168.541 168.5659 168.6745 168.7784 168.8777 168.9728 169.0638 169.151 169.2345 169.1973 169.2721 169.344 169.4131 169.4794 169.5433 169.6049 169.6643 169.7217 169.6429 169.6957 169.747 169.7971 169.846 169.8939 169.941 169.9875 169.8894 169.9789 170.0233 170.0678 170.1125 170.1572 170.2023 170.2478 170.2936 170.189 170.2358 170.2834 170.3318 170.381 170.4312 170.4823 170.5345 170.4313 170.4854 170.5405 170.5968 170.6542 170.7128 170.7726 170.8336 170.8958 170.7971 170.8613 170.9267 170.9933 171.0612 171.1304 171.2007 171.2721 171.1762
168.082 168.2108 168.2431 168.358 168.4682 168.5738 168.6749 168.7716 168.8643 168.9529 169.0379 168.9991 169.0753 169.1485 169.2188 169.2863 169.3512 169.4138 169.4741 169.3962 169.4514 169.5048 169.5567 169.6071 169.6564 169.7046 169.7518 169.7983 169.6977 169.7425 169.7868 169.831 169.875 169.9191 169.9633 170.0524 169.9446 169.9897 170.0354 170.0819 170.1291 170.1772 170.2261 170.2759 170.3267 170.2206 170.2731 170.3268 170.3815 170.4373 170.4943 170.5524 170.6118 170.5096 170.5708 170.6333 170.6969 170.7618 170.828 170.8953 170.9639 171.0336 170.9354 171.0067
167.998 168.0289 168.1455 168.2573 168.3645 168.4673 168.5658 168.6601 168.7504 168.7157 168.7966 168.8742 168.9486 169.0203 169.089 169.1551 169.2188 169.2801 169.2003 169.2563 169.3106 169.3632 169.4142 169.4639 169.5124 169.5599 169.4583 169.5036 169.5484 169.5927 169.6366 169.6804 169.724 169.7677 169.8116 169.701 169.745 169.7893 169.8341 169.8796 169.9257 170.0204 170.069 169.9593 170.0095 170.0608 170.113 170.1663 170.2206 170.2761 170.3326 170.3904 170.2853 170.3451 170.4059 170.468 170.5311 170.5956 170.6613 170.728 170.6269 170.6955 170.7652 170.8359
167.6868 167.81 167.9282 168.0417 168.1505 168.255 168.4511 168.5432 168.5071 168.5896 168.6686 168.7446 168.8174 168.8876 168.955 169.0198 168.9415 169.0006 169.0576 169.1128 169.1662 169.218 169.2683 169.3173 169.3652 169.2613 169.3069 169.3518 169.3961 169.44 169.4836 169.527 169.5703 169.4573 169.5005 169.544 169.5876 169.6318 169.6764 169.7216 169.7675 169.8142 169.701 169.7491 169.7982 169.8482 169.9511 170.004 170.058 170.1131 170.0045 170.0615 170.1197 170.1791 170.2396 170.3012 170.364 170.4279 170.4931 170.3896 170.4565 170.5246 170.5937 170.6638
167.5862 167.7061 167.8212 167.9317 168.0378 168.1396 168.1141 168.2056 168.2935 168.3778 168.4585 168.6103 168.6818 168.7505 168.6743 168.7368 168.7971 168.8551 168.9113 168.9656 169.0182 169.0694 169.119 169.0146 169.0615 169.1075 169.1527 169.1971 169.2411 169.2847 169.328 169.2127 169.2556 169.2984 169.3414 169.3846 169.4282 169.4721 169.5166 169.5616 169.4452 169.4915 169.5386 169.5865 169.6353 169.685 169.7357 169.7874 169.6746 169.728 169.7825 169.8382 169.9527 170.0117 170.0718 170.1331 170.1954 170.0887 170.1531 170.2184 170.285 170.3526 170.4212 170.4908
167.4789 167.5957 167.7079 167.8157 167.795 167.8922 167.9856 168.0751 168.1611 168.2437 168.3228 168.3987 168.4716 168.3976 168.4639 168.5278 168.5894 168.7061 168.7615 168.8151 168.8671 168.7627 168.8113 168.8588 168.9053 168.9508 168.9957 169.0398 169.0834 169.1268 169.0092 169.0519 169.0946 169.1373 169.1801 169.2232 169.2666 169.3104 169.191 169.2358 169.2811 169.3273 169.3743 169.4221 169.4706 169.5201 169.5706 169.4553 169.5075 169.5607 169.615 169.6704 169.7268 169.7843 169.8429 169.7325 169.793 169.9174 169.9814 170.0463 170.1124 170.1795 170.2476 170.3167
167.3651 167.479 167.5886 167.5663 167.6653 167.7604 167.8519 167.9397 168.0239 168.1048 168.1825 168.1111 168.1816 168.2494 168.3147 168.3777 168.4384 168.497 168.5536 168.6083 168.5044 168.5553 168.653 168.7002 168.7463 168.7916 168.836 168.8799 168.7608 168.8037 168.8464 168.889 168.9316 168.9742 169.0169 169.0598 169.103 168.9812 169.0254 169.0701 169.1154 169.1615 169.2083 169.256 169.3044 169.1859 169.236 169.2871 169.3392 169.3922 169.4463 169.5014 169.5575 169.6147 169.502 169.5612 169.6214 169.6827 169.7451 169.8087 169.8732 169.9389 169.8306 169.966
167.2451 167.2276 167.3324 167.4332 167.5301 167.6234 167.7131 167.7992 167.882 167.9614 167.8888 167.9611 168.0305 168.0974 168.1618 168.224 168.2839 168.3419 168.2387 168.2924 168.3444 168.395 168.4441 168.492 168.5389 168.5847 168.4653 168.5094 168.5961 168.6389 168.6815 168.724 168.7665 168.809 168.8517 168.7273 168.7704 168.814 168.8582 168.9028 168.9481 168.9941 169.0408 169.0883 168.9675 169.0166 169.0667 169.1177 169.1695 169.2224 169.2763 169.3312 169.2155 169.2722 169.33 169.3888 169.4487 169.5097 169.5718 169.635 169.6991 169.589 169.6549 169.7217
166.9865 167.0931 167.1958 167.2946 167.3898 167.4814 167.5694 167.6541 167.5845 167.6616 167.7357 167.807 167.8756 167.9417 168.0053 168.0667 167.9649 168.0217 168.0766 168.1298 168.1815 168.2318 168.2807 168.3284 168.375 168.2541 168.2988 168.3428 168.3862 168.4293 168.4721 168.5147 168.5572 168.4732 168.5158 168.5586 168.6017 168.6452 168.6893 168.734 168.7793 168.8253 168.7017 168.749 168.7972 168.8462 168.8961 168.9469 168.9987 169.0514 168.9329 168.9874 169.0429 169.0994 169.1569 169.2155 169.2752 169.3359 169.3976 169.2851 169.3486 169.4129 169.4784 169.5448
166.8485 166.9531 167.0539 167.151 167.2445 167.3345 167.2683 167.3504 167.4294 167.5055 167.5787 167.6492 167.717 167.7824 167.8454 167.7425 167.8008 167.857 167.9116 167.9646 168.016 168.0661 168.1148 167.9938 168.0401 168.0855 168.1301 168.174 168.2175 168.2606 168.3034 168.346 168.218 168.2604 168.3028 168.3455 168.3882 168.4313 168.4749 168.5638 168.4375 168.4835 168.5302 168.5775 168.6257 168.6746 168.7244 168.7752 168.8268 168.7063 168.7597 168.8141 168.8693 168.9256 168.983 169.0413 169.1007 168.9857 169.0469 169.1091 169.1722 169.2363 169.3013 169.3673
166.5984 166.705 166.8077 166.9068 167.0943 167.0269 167.1112 167.1923 167.2703 167.3456 167.418 167.4877 167.555 167.4541 167.516 167.5759 167.6337 167.6898 167.7441 167.7968 167.848 167.8978 167.7757 167.8231 167.8694 167.9147 167.9593 168.0033 168.0469 168.09 167.9606 168.0033 168.0459 168.0884 168.131 168.1736 168.2165 168.2596 168.3033 168.1746 168.2194 168.2648 168.3108 168.3575 168.453 168.502 168.5517 168.4286 168.4801 168.5324 168.5857 168.6399 168.695 168.7511 168.8083 168.8664 168.7497 168.8096 168.8705 168.9325 168.9952 169.059 169.1237 169.1893
166.4513 166.5561 166.6572 166.598 166.6909 166.7805 166.8669 166.9501 167.0303 167.1076 167.2538 167.155 167.2213 167.2853 167.3469 167.4064 167.464 167.5198 167.5739 167.6265 167.5048 167.5544 167.6029 167.6503 167.6966 167.7421 167.7868 167.8309 167.7005 167.7438 167.7869 167.8297 167.8724 167.915 167.9577 168.0004 168.0434 167.9125 167.9563 168.0006 168.0455 168.091 168.1371 168.1838 168.2313 168.2794 168.1538 168.2035 168.2541 168.3055 168.4108 168.4649 168.52 168.5759 168.4569 168.5146 168.5733 168.633 168.6936 168.7552 168.8178 168.8812 168.9455 168.8318
166.2989 166.2435 166.3419 166.4369 166.5287 166.6173 166.7028 166.7852 166.8647 166.9413 166.8449 166.9157 166.9841 167.05 167.1136 167.2343 167.2918 167.3474 167.2267 167.2791 167.3301 167.3798 167.4283 167.4756 167.5221 167.5677 167.6125 167.4811 167.525 167.5685 167.6117 167.6547 167.6976 167.7403 167.7831 167.6506 167.6938 167.7374 167.7813 167.8258 167.8707 167.9163 167.9624 168.0093 167.8815 167.9297 167.9786 168.0282 168.0788 168.1301 168.1822 168.2354 168.1132 168.168 168.2237 168.338 168.3964 168.4559 168.5163 168.5776 168.6399 168.5244 168.5881 168.6526
165.9799 166.0805 166.1777 166.2717 166.3626 166.4503 166.5351 166.6168 166.5234 166.599 166.6719 166.7423 166.8104 166.876 166.9394 167.0007 167.0598 166.9405 166.996 167.05 167.1024 167.2033 167.2519 167.2994 167.3461 167.2144 167.2596 167.3041 167.3482 167.3919 167.4353 167.4785 167.5216 167.5645 167.4309 167.4742 167.5177 167.5614 167.6056 167.6501 167.6953 167.7408 167.6111 167.658 167.7056 167.7539 167.8028 167.8524 167.9029 167.9541 168.0063 167.8828 167.9367 167.9913 168.0469 168.1034 168.1608 168.2191 168.2784 168.1606 168.2214 168.3457 168.409 168.4732
165.8139 165.9134 166.0097 166.1028 166.1928 166.2799 166.364 166.2705 166.3484 166.4236 166.4962 166.5663 166.6342 166.6997 166.7629 166.6453 166.7045 166.7618 166.8175 166.8716 166.9241 166.9753 167.0252 167.074 166.9425 166.9895 167.0811 167.1259 167.1703 167.2142 167.2578 167.3012 167.1665 167.21 167.2536 167.2971 167.3408 167.3847 167.4291 167.4738 167.519 167.3881 167.4346 167.4816 167.5292 167.5775 167.6265 167.6761 167.7266 167.6011 167.6532 167.7061 167.7598 167.8143 167.8698 167.9262 167.9834 168.0416 167.9227 167.9824 168.043 168.1044 168.1667 168.2299
165.644 165.7426 165.8381 165.9305 166.0198 165.9299 166.013 166.0932 166.1707 166.2457 166.3181 166.388 166.4557 166.3405 166.4036 166.4648 166.5242 166.5816 166.6373 166.6915 166.7442 166.7955 166.6649 166.7141 166.7623 166.8095 166.856 166.9017 166.9468 166.9914 166.8561 166.9002 166.9879 167.0317 167.0755 167.1193 167.1633 167.2074 167.252 167.1195 167.165 167.211 167.2576 167.3047 167.3524 167.4008 167.4498 167.4994 167.3729 167.4242 167.4762 167.529 167.5827 167.6371 167.6925 167.7487 167.6281 167.6859 167.7445 167.8041 167.8644 167.9257 167.9877 168.0506
165.4706 165.5684 165.6632 165.5768 165.6652 165.7507 165.8335 165.9135 165.9908 166.0655 166.1377 166.2076 166.0929 166.1582 166.2215 166.2828 166.3423 166.3999 166.4558 166.5101 166.3807 166.4325 166.4831 166.5326 166.581 166.6286 166.6753 166.7213 166.7668 166.6314 166.6761 166.7205 166.7647 166.8088 166.8528 166.8969 166.941 166.8515 166.8965 166.9417 166.9874 167.0336 167.0803 167.1276 167.1753 167.2237 167.0956 167.1453 167.1958 167.2471 167.299 167.3519 167.4055 167.4599 167.3377 167.3936 167.4504 167.508 167.5665 167.6259 167.686 167.7469 167.8087 167.6922
