public/沉降量2015-2021（地形转栅格）/cjl2020.txt
ncols         346
nrows         239
xllcorner     104.24612109509
yllcorner     31.067832478695
cellsize      0.00084765149693467
NODATA_value  -9999
[rows 56 to 83 of 239, columns 192 to 255 of 346]
54.03246 55.34618 56.8744 58.60075 60.51477 64.10239 66.51267 69.07153 71.78142 74.55309 77.24556 79.7169 82.0011 85.646 87.46572 89.12556 92.29155 93.90663 95.55496 97.09642 98.50589 99.85185 101.8515 102.7787 103.6195 104.3917 105.1108 105.7919 106.4536 107.209 109.3791 110.1345 110.8027 111.3652 111.8033 112.118 112.327 112.4266 112.4134 111.425 111.1169 110.9785 111.019 111.228 111.5739 111.7791 111.755 110.4462 110.2452 110.2353 110.4141 110.9005 111.7744 113.0262 114.6137 116.4821 119.2094 121.616 126.7913 129.5411 132.3848 135.2962 138.2318 141.1357
54.90324 56.33325 57.96633 61.08857 63.28418 65.69417 68.30295 71.04515 73.84795 76.61375 79.22849 81.50404 85.18475 87.09267 88.84311 90.4481 91.98121 93.48162 94.99136 96.53986 99.16565 100.4481 102.414 103.4376 104.3752 105.2488 106.0882 106.8952 107.6192 109.9207 110.6754 111.2683 111.6959 111.9611 112.0782 112.0797 112.0284 110.3136 109.9254 109.4982 109.0646 108.8855 108.9897 109.3537 109.8991 110.2953 108.1172 108.4327 108.6613 109.0099 109.5605 110.3969 111.5713 113.0824 114.9864 117.2711 119.7134 122.2759 124.9382 127.6938 130.5402 133.4662 137.519 140.5346
55.73175 57.32512 60.28227 62.43095 64.77736 67.33238 70.13763 73.0135 75.85074 78.5374 82.60386 84.64655 86.5687 88.41631 90.11929 91.71841 93.22666 94.66507 96.09636 98.86565 100.3444 101.5325 102.3656 103.3068 104.3131 105.2842 106.2426 108.5101 110.4134 111.1218 111.631 111.9145 111.9712 111.82 111.5018 108.7535 107.9005 107.1911 106.5945 106.0947 105.7323 105.6478 105.8757 106.377 103.2612 104.1492 104.9785 105.7327 106.4626 107.2869 108.2916 109.5443 110.3256 112.5071 114.8893 117.4294 120.085 122.8258 125.6382 128.5204 131.472 135.4432 138.5337 141.5679
57.42102 59.36876 61.5107 63.852 66.37737 69.12086 72.0282 74.95758 77.77608 81.95538 84.06171 85.96739 87.77229 89.53814 91.29959 92.95853 94.4883 97.21994 98.65398 100.1791 101.5404 102.5715 103.4279 104.3609 105.3676 107.5263 108.6903 109.8071 110.737 111.4096 111.8067 111.9136 111.7364 111.2859 106.3653 104.8939 103.6439 102.6547 101.9164 101.421 101.1914 101.2834 96.60861 97.58482 98.75133 100.0015 101.2633 102.5146 103.7847 105.1426 106.655 106.9454 109.3421 111.9111 114.6245 117.4445 120.3361 123.2764 126.2578 129.9961 133.1863 136.3693 139.5084 142.5504
58.30762 60.44978 62.79138 65.33657 68.04764 70.92558 73.88877 78.51681 81.12201 83.40321 85.39977 87.18489 88.90963 90.69055 92.48547 95.39042 96.95341 98.43097 99.8904 101.3398 102.5173 103.5078 104.4281 105.4205 107.5376 108.7629 109.9223 110.8699 111.5005 111.7648 111.6507 111.1629 107.2941 105.392 103.374 101.3445 99.49434 97.96143 96.80174 95.61462 95.57924 89.72833 90.7729 92.12256 93.68766 95.37936 97.13336 98.92256 100.758 100.0054 102.608 105.3362 108.1942 111.1679 114.2296 117.3467 120.4917 123.6491 127.3399 130.6875 134.0095 137.2831 140.4673 143.5087
57.19431 59.29753 61.60482 66.81134 69.70578 74.42399 77.36205 80.12438 82.59077 84.77867 86.696 88.3607 90.00154 91.82845 94.77269 96.41216 97.98231 99.45334 100.8539 102.1484 103.3015 104.3295 106.1933 107.3725 108.6792 109.9056 110.8748 111.4533 111.559 111.1773 110.3162 105.1507 102.5898 99.93045 97.30057 94.83382 92.68646 90.97658 89.76122 81.16031 81.22148 81.8241 82.9052 84.39193 86.20143 90.44504 92.73767 95.09299 94.16022 97.23325 100.388 103.6299 106.9523 110.3357 113.7528 117.1761 120.6584 124.2841 127.8587 131.3822 134.8418 138.2083 141.4352 144.4669
58.16846 60.40538 62.8642 65.53961 70.056 73.13393 76.1499 78.99248 81.59566 86.10568 88.0041 89.59564 92.55376 94.2729 95.92926 97.48901 98.97113 100.3653 101.6959 102.9084 104.0418 105.9151 107.0712 108.4133 109.7281 110.7669 111.3346 111.3135 110.6407 106.0324 103.0674 99.80713 96.4092 93.04172 89.85928 87.01185 84.64175 73.77399 72.77835 72.53925 72.99494 74.06255 75.65034 77.664 80.01015 82.59994 80.26236 83.71595 87.2426 90.82774 94.46881 101.9111 105.6899 109.4775 112.7697 116.8034 120.7517 124.6173 128.4036 132.1062 135.7059 139.1662 142.436 146.4984
59.28839 61.64918 65.78044 68.73331 71.83157 74.92958 77.89989 80.6221 83.07231 85.31213 88.56658 90.37112 92.08647 93.77906 95.46635 98.54342 99.92867 101.202 102.4048 104.4953 105.6323 106.7725 107.9452 109.3626 110.5306 111.1708 111.0879 107.8198 104.9073 101.3302 97.33195 93.1357 88.93301 84.90677 81.2299 78.06377 65.60918 63.94775 63.22504 63.3922 64.35219 65.98495 68.16786 70.78492 67.54076 71.35114 75.30649 79.35507 83.46503 87.62006 91.81175 96.03075 100.2609 103.3851 107.9314 112.3718 116.6967 125.0079 129.0028 132.8818 136.6188 141.2257 144.5761 147.579
62.0343 64.64137 67.47359 70.55869 73.7011 76.76692 79.64803 82.1977 84.49947 87.86404 89.71165 91.53057 93.25502 94.90607 96.50571 98.0994 99.5773 101.8878 103.0635 104.2483 106.5433 107.6997 109.0152 110.2407 110.9896 110.9558 107.6311 104.2935 100.1595 95.45544 90.43217 85.32845 80.35883 75.72354 61.24277 57.64203 55.07079 53.61531 53.271 53.95402 55.52242 57.81237 60.6667 57.34781 61.60949 66.05666 70.62088 75.25575 79.933 84.63626 89.35301 92.34805 97.45781 102.4707 107.3584 112.1037 116.7029 121.1617 125.4874 129.6803 134.6472 138.62 142.3233 148.6872
63.68443 66.43387 69.41242 72.53835 75.64999 78.60306 81.29913 85.22976 87.27949 89.18048 90.99646 92.75099 94.43147 96.03513 97.60533 99.15338 101.531 102.735 103.9055 105.1261 106.3981 107.5239 108.8078 110.0238 111.0476 110.2651 104.4245 99.81922 94.46094 88.6251 82.58749 76.60667 70.91541 55.21357 50.43343 46.72508 44.24082 43.07737 43.20503 44.50137 46.7668 42.17348 46.49606 51.18275 56.10645 61.17645 66.33042 71.52814 76.74522 81.96582 85.34705 90.93892 96.43079 101.7884 106.9855 112.0095 116.8614 121.5502 126.8173 131.3436 135.6539 139.7063 143.4487 146.8238
65.48205 68.38934 71.46695 74.60258 77.6528 80.46859 84.63559 86.73375 88.68263 90.54438 92.31686 93.97705 95.57928 97.11635 99.54594 100.9285 102.1845 103.386 104.5726 105.8079 107.1122 108.4794 109.7915 111.1214 110.6967 108.8523 105.3245 100.47 94.59743 88.02423 81.06905 65.08878 50.61225 44.56639 39.59167 35.86163 33.528 32.72421 33.3875 26.95604 30.73588 35.26847 40.30103 45.65262 51.19715 56.84917 62.55303 68.27428 71.75313 77.87639 83.93401 89.89494 95.72282 101.3838 106.8547 112.1274 117.7668 122.8406 127.7102 132.3587 136.7524 140.8463 144.5898 147.9334
67.34238 70.40494 73.55368 76.66904 81.46857 84.00802 86.24852 88.18996 90.02016 91.89484 93.63567 95.1478 97.68178 99.05768 100.3926 101.6704 102.8189 103.9715 105.1575 106.4134 107.765 110.0255 111.0072 111.0839 109.8271 106.765 102.0333 95.94534 88.84357 73.94511 64.88989 56.07585 47.8825 40.55693 34.28188 29.25508 25.61712 23.48981 16.39357 19.73386 24.18931 29.373 35.02049 40.94972 47.03771 53.2039 56.95937 63.54887 70.09921 76.58775 82.98671 89.26139 95.37454 101.2941 107.0005 113.1214 118.566 123.7876 128.7782 133.5132 137.9518 142.044 145.7368 150.038
66.36913 69.34181 77.65025 80.5714 83.23409 85.65572 87.81603 89.63214 91.44525 93.26439 94.96471 97.41823 98.71756 99.9753 101.151 102.2474 103.3803 104.5298 105.7396 107.7144 109.2945 110.6083 111.2093 110.6359 108.4172 104.2177 98.3349 91.08034 76.82034 66.93854 56.97428 47.43449 38.79971 31.27883 24.98363 20.09874 9.870732 8.424587 8.580937 10.45101 14.19218 19.10452 24.75572 30.86382 43.76456 48.38875 55.31512 62.22377 69.08502 75.86977 82.545 89.07329 95.41766 102.1702 108.2273 114.0437 119.6217 124.9576 130.0344 134.8192 139.2656 143.3197 148.194 151.1796
68.25421 73.29115 76.47798 79.53894 82.30338 84.82581 87.11728 90.98001 92.75151 95.54848 97.04326 98.39881 99.66425 100.8554 101.9294 102.9377 103.9993 105.1262 107.0434 108.5179 109.9936 111.0244 111.1366 109.8333 106.5608 101.3524 90.59559 81.40131 71.20042 60.47435 49.77407 39.69403 30.87621 23.44069 17.45322 7.719769 5.076305 3.991892 4.472931 6.585966 10.53744 15.68001 21.5883 26.42377 33.24279 40.25447 47.36709 54.51698 61.65711 75.75413 82.63592 89.35472 96.76064 103.1734 109.3451 115.2706 120.946 126.3594 131.485 136.2826 142.254 146.1408 149.5055 152.3047
71.93 75.14787 78.26965 81.17697 83.81984 86.22411 88.41346 90.36048 93.17757 94.84375 96.40955 97.91501 99.27187 101.6564 102.6448 103.6206 105.3423 106.4763 107.7484 109.2692 110.5748 111.236 110.7736 108.6647 104.4775 95.5125 87.0462 77.17818 66.3153 54.98047 43.8223 33.5871 24.85766 13.7703 8.377609 4.583016 2.356959 1.65841 2.465828 4.786272 8.787882 13.87052 19.75004 26.20064 33.0313 40.10267 47.31369 54.58925 61.87041 69.10762 77.37425 84.4578 91.37138 98.08281 104.5688 116.8109 122.5442 127.9942 134.9495 139.6492 143.9032 147.6601 150.8729 153.4801
73.74079 76.9305 79.94689 82.6791 85.1714 87.43899 90.54852 92.40364 94.12993 95.763 97.31905 98.79172 100.1008 101.2388 103.0073 103.9819 104.994 106.0845 107.2699 110.0088 111.0239 111.2402 110.1651 105.6649 100.1893 92.92848 84.02583 73.74408 62.4882 50.80388 39.42639 27.05262 18.68415 11.95518 6.906354 3.510219 1.688089 1.339388 2.428379 4.898572 10.38288 15.24852 20.9409 27.24402 33.97986 41.00816 48.21957 55.52734 64.60162 71.88466 79.09311 86.18053 93.10811 99.8439 106.3625 112.6437 118.6689 126.5563 131.9328 136.9324 141.5091 149.1874 152.175 154.6174
75.54885 78.63611 81.46139 84.04487 87.54045 89.58405 91.55278 93.38225 95.05761 96.62811 98.2289 99.7019 100.9704 102.8807 103.7898 104.7038 105.6973 106.8284 108.0923 109.4326 110.6168 111.3461 110.5884 108.2232 104.1249 90.79941 81.72726 71.32778 59.99141 48.26665 36.47931 26.88043 18.76982 12.3388 7.607857 4.540356 3.01914 2.869062 7.304189 9.729877 13.32813 17.93935 23.37679 29.45724 36.01749 42.91866 50.04485 59.84969 67.04672 74.24397 81.38496 88.42361 95.32098 102.0426 108.5569 117.3851 123.3336 128.9545 134.2071 139.0517 143.4486 147.3559 150.7242 153.4716
77.36234 80.31104 82.93378 86.54382 88.64854 90.648 92.58642 94.40588 96.06305 97.64743 99.21249 101.5698 102.7141 103.6809 104.5428 105.3848 106.3193 107.4118 108.7576 110.0537 111.253 111.2106 109.9868 107.1412 102.734 96.76378 89.24649 80.27512 69.96941 59.44781 38.1417 28.97811 21.36974 15.27789 10.75406 7.788864 6.296911 10.91112 11.91981 14.13604 17.46558 21.77639 26.91455 32.72178 39.04751 49.41734 56.16927 63.10416 70.1339 77.18858 84.21344 91.16335 97.9971 107.7266 114.137 120.2891 126.1256 131.5961 136.6587 141.28 145.4306 149.075 153.5662 155.8725
79.12922 83.28183 85.56487 87.66417 89.65759 91.66469 93.6041 95.4315 97.06839 98.63724 100.9729 102.2726 103.4431 104.4274 105.2618 106.021 106.9106 108.0386 109.7856 110.8196 111.3268 110.9427 109.2516 106.1175 101.5787 95.64484 88.03986 79.96335 70.92532 61.22499 51.29836 41.71941 33.15763 25.92509 20.08471 21.84381 17.20434 16.79896 17.60548 19.56609 22.59627 26.58467 31.40073 41.86393 47.61258 53.7924 60.28175 66.97597 73.79074 80.66118 87.53622 94.3709 104.6597 111.1814 117.4978 123.5287 129.2015 134.4597 139.2643 143.5924 149.4141 152.3877 154.904 156.9877
82.20453 84.60944 86.75661 88.75962 90.71679 92.67552 94.56593 96.31759 98.85573 100.3615 101.7612 103.0252 104.1741 105.1616 105.9718 106.5894 107.9679 109.0336 110.1361 111.0058 111.3004 110.6486 108.5979 105.2737 100.7322 94.78094 88.32824 80.92294 72.71323 63.95854 55.0309 46.39235 38.52068 38.20884 32.92822 28.7792 25.82055 24.06797 23.50569 24.0987 25.79573 28.52416 42.59198 47.45636 52.88794 58.75907 64.95286 71.37146 77.93922 84.59961 95.46976 102.0415 108.5829 115.0034 121.2001 127.0708 132.5287 137.5139 141.9935 148.3549 151.3846 153.9884 156.2076 158.0557
81.02309 83.60891 85.87849 87.89912 89.78905 91.74074 96.40308 98.12605 99.72566 101.1647 102.4612 103.7386 104.8716 105.8544 106.6817 107.7132 108.501 109.4308 110.36 111.0704 111.1632 110.2728 108.0167 104.2476 100.069 95.01906 89.12527 82.44495 75.10378 67.31689 59.38344 51.66151 50.77398 45.00555 40.08154 36.13177 33.23949 31.44647 30.76045 31.16377 39.85151 42.04841 45.12508 48.99191 53.53983 58.6477 64.19464 70.07255 82.49913 93.60796 99.96614 106.404 112.8327 119.1374 125.1888 130.8611 136.0545 143.9716 147.6383 150.724 153.2706 155.5316 157.4627 159.074
82.53482 84.96716 87.13412 89.07071 90.91836 93.80962 95.60715 97.34787 99.05334 100.6455 102.053 103.3243 105.512 106.8643 107.5108 108.185 108.9348 109.7157 110.4449 111.0394 110.9338 109.7848 107.2432 104.1766 100.3099 95.69659 90.37916 84.41747 77.91855 71.0537 68.87689 62.82414 57.08516 51.86532 47.33909 43.64393 40.87836 39.10289 38.3443 46.25275 47.34325 49.3292 52.15436 55.73808 59.97894 64.76343 69.98029 81.23764 86.75784 92.53279 98.53502 104.723 111.0246 117.331 129.3816 138.8304 143.3427 147.1791 150.3677 152.967 155.1348 157.0289 158.6605 160.0337
83.95059 86.25542 88.34642 91.25156 93.02237 94.76134 96.48084 98.2494 99.96724 101.5722 102.9606 104.1932 105.9723 106.5872 107.1494 107.8643 108.5983 109.9746 110.4287 110.993 110.5726 109.3564 107.3206 104.5106 100.9928 96.82703 92.06737 86.777 84.45813 79.16373 73.76555 68.42992 63.33441 58.65347 54.54681 51.14934 48.56517 54.62087 53.8784 53.99354 54.96764 56.77917 59.38152 62.70243 66.64853 77.59904 82.17226 87.09367 92.32582 97.84854 103.6402 109.6557 115.8099 121.9745 132.4513 137.8932 142.752 146.8347 150.1723 155.0004 156.827 158.4013 160.7249 161.6805
85.2866 87.43739 90.4624 92.27129 94.00499 95.71034 97.4146 99.14775 100.8234 102.3597 104.5768 105.7683 106.6806 107.0922 107.6248 108.2992 109.0375 109.7776 110.8597 111.037 111.1495 110.7401 109.6465 105.3131 102.1612 98.4341 94.19307 92.61524 88.14964 83.47801 78.71931 74.00898 69.49376 65.32227 61.63605 65.84843 63.72612 62.30281 61.6282 61.73187 62.62346 64.29034 66.69436 69.77145 80.2506 84.12349 88.3972 93.02457 97.98253 103.2608 108.8398 114.6684 125.4209 131.1747 136.7309 141.879 146.3925 149.9773 152.7739 154.9834 156.7922 159.544 160.6139 161.537
87.67528 89.58981 91.48605 93.28239 94.96613 96.59426 98.31482 100.0263 102.4085 103.9137 105.2499 106.3274 107.0554 107.5547 108.0921 108.7356 109.4575 110.4988 111.0665 111.444 111.5951 111.2872 110.3793 108.8222 106.6298 106.0826 103.1733 99.82925 96.12643 87.99708 83.77351 79.59625 75.59 71.88284 75.45982 73.01945 71.13693 69.87668 69.28665 69.39922 70.22972 71.7727 81.21384 83.85552 87.01328 90.61819 94.61359 98.96553 103.6614 108.6962 114.0488 124.5338 130.0122 135.4555 140.6624 145.4028 149.4188 152.5194 154.911 158.2122 159.4889 160.5384 161.4268 162.1907
88.78686 90.67369 92.54927 94.338 95.99016 97.59507 99.23944 101.702 103.1882 104.6068 105.8425 106.8103 107.4174 107.9348 108.4911 109.4975 110.1685 110.8913 111.5537 112.0995 112.3939 112.2673 111.6008 110.3419 110.9163 108.8719 106.3321 103.3647 100.0511 96.48207 92.7551 88.97283 90.98959 87.79042 84.84872 80.09389 78.43152 77.32469 76.81769 76.94368 77.72206 86.37561 88.28429 90.73474 93.67006 97.03098 100.7708 104.8643 109.3046 119.3729 124.1791 129.2068 134.3315 139.3837 144.1593 148.4214 151.8642 156.1388 157.9294 159.3181 160.4152 161.3075 162.0553 162.6943
89.82719 91.72842 93.60129 95.38696 96.99231 99.43417 100.9484 102.4059 103.878 105.2153 106.2949 107.0054 107.6232 108.2166 109.2141 109.9501 110.6094 111.3606 112.2845 113.0811 113.6049 113.7271 115.6639 115.0717 113.9203 112.2197 110.013 107.3707 104.3823 101.1474 103.0292 99.90888 96.85984 93.97256 91.33165 89.01442 87.08895 85.61276 84.6339 91.38698 92.17345 93.39804 95.16784 97.4471 100.1844 103.3265 106.832 116.377 120.2917 124.5013 128.9685 133.6155 138.3163 142.9013 147.1646 150.8656 155.3813 157.3828 158.943 160.157 161.113 161.8839 162.5235 163.0661
89.18161 90.96413 92.79396 95.54901 98.72801 100.2498 101.7335 103.1564 104.5485 105.7868 106.7397 107.1611 108.1646 108.8677 109.6859 110.5953 111.3496 112.3608 113.4929 114.5286 117.5779 118.3036 118.5787 118.3273 117.5066 116.1147 114.1922 111.8167 109.0902 111.3658 108.5022 105.6332 102.8479 100.2251 97.83598 95.7449 94.00833 99.60069 98.76488 98.37232 98.46165 99.06367 100.1925 101.8388 103.9693 106.5343 118.5621 121.9255 125.5529 129.4262 133.5061 137.7165 141.9355 146.0018 151.8169 154.4625 156.6265 158.3576 159.7217 160.7905 161.6324 162.3071 162.862 163.512
