public/沉降量2015-2021（地形转栅格）/cjl2020.txt
ncols         346
nrows         239
xllcorner     104.24612109509
yllcorner     31.067832478695
cellsize      0.00084765149693467
NODATA_value  -9999
[rows 168 to 195 of 239, columns 128 to 191 of 346]
81.91653 81.3954 80.99883 80.75999 80.56402 80.37983 80.25112 80.12939 80.05388 80.02076 80.02956 80.07524 80.15253 80.25567 80.51155 80.63667 80.99245 81.14945 81.44492 81.8647 82.38817 83.0012 83.68835 84.89803 85.70801 86.54424 87.39462 88.23396 89.018 89.83951 90.76308 92.40916 93.40591 94.39027 95.33682 96.27374 97.32382 98.38515 99.43997 100.4529 101.8466 102.5619 103.2397 103.9368 104.6534 105.3544 105.9985 106.5477 107.007 107.1294 107.2279 107.2726 107.29 107.3093 107.3128 107.2996 107.2991 107.4734 107.7314 108.3015 109.3292 110.9498 113.2785 116.3028
81.90354 81.38565 80.99969 80.75099 80.59788 80.44347 80.309 80.2127 80.15457 80.13626 80.15661 80.21078 80.29247 80.53436 80.64835 80.76721 80.87767 80.99972 81.24222 81.62515 82.12607 83.0797 84.56201 85.35843 86.18262 87.03348 87.91014 88.80075 89.61383 90.4833 92.08147 93.0811 94.08884 95.08054 96.00499 96.94022 97.95205 98.9834 100.4993 101.3866 102.1603 102.9759 103.752 104.4978 105.2043 105.8447 106.3867 106.9989 107.1476 107.247 107.329 107.3865 107.4234 107.4443 107.4414 107.6207 107.6164 107.6573 107.8207 108.2132 108.976 110.2509 114.8631 120.3988
81.90424 81.3824 81.00137 80.81859 80.65197 80.50254 80.38258 80.29991 80.25572 80.25047 80.28175 80.47321 80.56363 80.66644 80.77737 80.90028 80.99718 81.01418 81.35705 81.8391 82.77034 83.47432 84.2269 85.01196 85.81945 86.64541 87.49057 89.19469 90.722 91.72884 92.73074 93.72651 94.73129 95.74151 96.65096 97.58714 98.56372 100.0769 100.9796 101.8443 102.6135 103.4382 104.2571 105.0265 105.7084 106.6207 106.9807 107.153 107.2592 107.3411 107.4183 107.4911 107.5546 107.7974 107.8839 107.956 108.0351 108.1739 108.4688 109.0393 110.0447 111.6275 116.1208 119.2963
81.91554 81.39319 81.00017 80.8147 80.6778 80.55576 80.45558 80.3878 80.35661 80.36271 80.51959 80.5941 80.68546 80.78117 80.8719 80.99793 81.09752 81.24054 81.9331 82.50464 83.17404 83.90857 84.68338 85.48187 86.29468 87.11829 88.42786 89.27058 90.29108 91.34777 92.38728 93.38153 94.33145 96.2013 97.1965 98.78104 99.71749 100.5804 101.3968 102.1555 103.0108 103.8879 104.7432 105.9818 106.5604 106.8258 107.0077 107.1966 107.3193 107.409 107.496 107.5926 107.8643 108.0499 108.2485 108.4539 108.6801 108.9774 109.4683 110.2681 113.6247 115.8894 118.7124 122.0449
82.00614 81.43681 81.01532 80.86114 80.73481 80.62308 80.53489 80.47844 80.55773 80.57699 80.62769 80.70399 80.79459 80.88226 80.91539 81.00333 81.42203 81.80431 82.30902 82.92487 83.62503 84.38138 85.1712 85.97999 86.79845 88.19147 89.02487 89.9339 90.97134 92.0485 93.09591 94.06291 94.93767 96.32446 97.35422 98.41432 99.42101 100.3195 101.857 102.602 103.4515 104.3387 105.617 106.3837 106.934 107.0087 107.1404 107.2808 107.3876 107.4761 107.6652 107.8335 108.07 108.3724 108.7301 109.1312 109.5742 110.0851 110.8515 114.0969 116.0968 118.6117 121.6151 125.0516
82.78242 82.11737 81.56311 81.17125 80.8297 80.70709 80.70886 80.66785 80.65797 80.6776 80.7262 80.79939 80.88554 80.99737 81.00161 81.37202 81.72057 82.17686 82.73883 83.39325 84.11777 84.88923 85.68951 87.05372 87.89949 88.7927 89.66805 90.63712 91.69765 92.78979 93.84636 94.78906 96.21058 97.0555 98.07095 99.12289 100.116 100.9646 101.5672 102.1894 103.5371 104.3678 105.1815 105.9447 107.0157 107.1805 107.2953 107.393 107.473 107.6405 107.7703 107.9893 108.3189 108.7662 109.3251 109.9771 110.7094 113.1732 114.6812 116.5531 118.8551 121.5942 124.7403 128.2345
82.91064 82.25086 81.69613 81.27684 81.00648 80.99686 80.86622 80.79759 80.76708 80.77649 80.81718 80.88007 80.9164 81.1429 81.36583 81.68193 82.09948 82.61584 83.22299 83.90651 84.64727 85.4268 86.79135 87.60374 88.4114 89.25078 90.25286 91.3097 92.40681 93.51471 95.20265 96.10996 96.92496 97.83076 98.83392 99.85599 100.8225 101.6671 102.7188 103.3834 104.1236 104.8867 105.6075 106.2385 106.9113 107.2086 107.3593 107.5874 107.6263 107.7375 107.8943 108.1753 108.6125 109.224 110.0108 111.9998 113.4224 115.0527 116.9661 119.2051 121.7993 124.7439 128.003 131.5151
83.05354 82.39826 81.84294 81.54556 81.21748 81.00289 80.90887 80.88311 80.87408 80.8725 80.88098 80.91256 81.10812 81.21208 81.40807 82.07932 82.55556 83.11935 83.75915 84.46046 85.79213 86.56738 87.37253 88.19945 89.01193 89.89451 90.90744 91.98322 93.72943 94.77815 95.79476 96.70841 97.61597 98.57245 99.56738 100.5365 101.3972 102.6824 103.3344 104.0103 104.723 105.4307 106.0761 106.5998 107.0302 107.5333 107.6737 107.7344 107.7528 107.776 107.8563 108.0491 108.4039 108.9592 110.3394 113.1959 115.0347 117.0917 119.402 121.9886 124.8564 127.9846 134.65 138.0925
83.20477 82.55219 82.1515 81.69488 81.34889 81.11526 81.00095 80.99934 80.99971 80.99971 81.15768 81.20609 81.33141 81.5074 81.76599 82.11592 82.55641 83.08165 84.2917 84.96111 86.38782 87.14377 87.93992 88.79556 89.6275 90.55429 91.57993 93.32184 94.367 95.34129 96.26162 97.26545 98.25885 99.25821 100.2547 101.7927 102.541 103.2363 103.9128 104.595 105.284 105.9539 106.5491 106.9871 107.5419 107.7379 107.8571 107.9052 107.9117 107.9288 108.022 108.2605 109.1208 109.9865 111.1696 112.7359 114.6624 116.8583 119.2911 121.9592 127.9696 134.4904 137.9086 141.2661
83.51952 82.87553 82.31939 81.86324 81.51499 81.27841 81.15392 81.12418 81.28426 81.31415 81.37219 81.4722 81.64014 81.87804 82.1989 82.60766 83.10023 84.29395 84.93732 85.60716 86.29067 86.98595 87.70258 88.43776 89.22216 90.80025 92.92642 94.00613 95.04739 95.99448 96.91594 97.89619 98.89214 99.88766 101.352 102.1552 102.9672 103.717 104.4232 105.1039 105.7631 106.3856 107.0439 107.4379 107.7388 107.947 108.0686 108.1189 108.1286 108.1521 108.267 108.9884 109.6812 110.7741 112.2542 114.1351 116.3646 118.8773 121.6338 127.3181 130.6954 134.1626 137.6425 141.0465
83.67879 83.04279 82.49443 82.04445 81.70013 81.46404 81.33142 81.4781 81.48695 81.54135 81.63976 81.79173 82.0126 82.31044 82.69154 83.74149 84.31953 84.94576 85.60156 86.26741 86.92789 87.58719 88.28494 89.0079 90.45793 91.45811 92.52431 93.60912 94.68135 95.72868 96.65439 98.53773 100.0861 100.9765 101.841 102.6142 103.4079 104.1681 104.8773 105.5349 106.4583 106.949 107.2911 107.652 107.9612 108.1913 108.3331 108.4026 108.4329 108.9399 109.122 109.5633 110.3966 111.7004 113.5398 115.7493 118.2723 123.4001 126.6377 130.0481 133.573 137.1378 140.6506 144.0036
83.83658 83.21146 82.67398 82.23349 81.89622 81.87517 81.74678 81.70297 81.72873 81.813 81.95398 82.15801 82.43468 82.79068 83.79111 84.34557 84.9535 85.59866 86.26321 86.92508 87.55606 88.15282 89.21203 90.08896 91.07211 92.12626 93.21291 94.2861 95.29784 96.24969 97.90002 98.85685 99.78199 100.6545 101.4475 102.1879 103.0231 104.5995 105.2932 106.2494 106.6902 107.0493 107.4811 107.8825 108.223 108.4847 108.6666 109.2458 109.3941 109.5641 109.7918 110.3503 111.4025 113.0321 115.1414 117.612 122.6636 125.8538 129.2355 132.7592 136.3599 139.9573 143.4524 146.7142
84.68076 83.99216 82.85664 82.42785 82.31103 82.09721 81.98106 81.95329 82.00302 82.12156 82.30681 82.56247 83.37705 83.8352 84.36282 84.94727 85.57304 86.22604 86.89468 87.55907 88.77826 89.13531 89.80531 90.71432 91.73955 92.8223 93.9236 95.00056 95.98627 97.61417 98.56667 99.50246 100.4037 101.2509 101.9973 102.722 103.5084 104.748 105.4516 106.0816 106.6105 107.0018 107.7636 108.1671 108.5296 108.8323 109.5147 109.7733 110.0102 110.346 110.6267 111.3871 112.775 114.6859 119.1397 121.9913 125.0914 128.3938 131.8531 135.4151 139.0124 142.5653 145.9813 151.0617
84.81992 84.14764 83.72646 83.23114 82.82943 82.52759 82.32837 82.22934 82.30229 82.45834 83.08839 83.44116 83.86973 84.36827 84.92673 85.52925 86.15831 86.80119 87.45733 88.51759 89.08983 89.69433 90.47488 91.41751 92.45462 93.53542 94.62711 96.25085 97.27458 98.26021 99.21178 100.1216 100.9857 101.8171 102.5265 103.2467 104.4552 105.1747 105.8406 106.4333 106.9438 107.3027 107.6657 108.0644 108.7496 109.1688 109.5772 109.9654 110.5632 110.9834 111.5525 112.7271 116.3081 118.6966 121.4235 124.4185 127.623 130.988 134.4641 137.9933 141.5061 147.0745 150.0431 152.6799
85.12092 84.47475 83.90639 83.42428 83.03635 82.74924 82.5668 82.4882 82.50805 82.9454 83.17824 83.49414 83.88904 84.88867 85.46995 86.08186 86.70164 87.78831 88.31168 88.9085 89.54578 90.30112 91.18299 92.16348 93.19785 94.24806 95.97732 96.94141 97.9361 98.91052 99.84008 100.7014 101.4677 102.1687 103.4056 104.1484 104.8755 105.5603 106.1726 106.6793 107.0506 107.4863 108.1088 108.5332 108.9699 109.4213 109.8896 110.3724 110.8537 111.1552 111.8399 114.2518 116.0733 120.9249 123.8233 126.9426 130.2223 133.6104 137.0545 142.9318 146.1141 149.1058 151.8253 154.2264
85.29208 84.65158 84.09291 83.62251 83.24779 82.97572 82.81125 83.02679 83.10037 83.27485 83.54191 83.89388 84.32429 84.82487 85.38358 85.98387 87.09624 87.71663 88.27027 89.19556 90.02232 90.94379 91.92555 92.94133 94.72804 95.72958 96.67726 97.63966 98.61153 99.55861 100.4589 101.2887 102.4817 103.1401 103.8397 104.5554 105.2571 105.9095 106.4797 106.9566 107.3092 107.8363 108.2491 108.666 109.1063 109.5833 110.1014 110.6294 111.1375 112.6177 113.9783 115.7264 117.8765 120.3985 123.2299 126.2963 129.527 132.8602 138.8695 145.3169 148.285 151.0413 153.5095 155.693
85.47186 84.83669 84.28699 83.82746 83.46525 83.44814 83.31816 83.30382 83.40102 83.60179 83.8968 84.27719 84.73511 85.26122 86.25887 86.89552 87.54721 88.19376 88.8084 89.13764 89.79015 90.68572 92.5125 93.57727 95.4384 96.31454 97.32744 98.32297 99.27847 100.1804 101.0282 102.1304 102.8338 103.5209 104.2123 104.9084 105.5897 106.2086 106.7035 107.2474 107.5755 107.9229 108.2773 108.6483 109.0665 109.5682 110.181 110.8999 112.0182 113.3651 115.0937 117.2144 119.707 122.5209 125.5839 128.8169 134.7929 138.1751 141.4794 144.6619 147.6579 150.3726 152.8483 155.1164
85.65463 85.03055 84.49146 84.04256 83.93263 83.70042 83.58446 83.58679 83.70255 83.92291 84.23754 84.63718 85.45982 86.01796 86.63512 87.28893 87.94322 88.5535 89.12018 89.7321 90.51919 92.31033 93.36827 94.44563 95.48112 96.22559 97.11133 98.08781 99.05087 100.6386 101.9805 102.5691 103.2127 103.8706 104.5336 105.203 105.8741 106.4863 107.0267 107.3479 107.6492 107.9426 108.2354 108.5529 108.939 109.4481 109.9835 111.0067 112.3477 114.0691 116.1952 118.7094 121.5627 124.6821 130.4375 133.9821 137.4613 140.8279 144.0539 147.115 149.9641 152.4378 154.6957 158.3456
85.84853 85.24011 84.95889 84.52709 84.19344 83.96961 83.86389 83.87802 84.00599 84.23798 84.56311 85.2892 85.77988 86.34755 86.98592 87.67612 88.37614 89.01909 89.68669 91.19917 92.14621 93.16151 94.20264 95.22336 96.18175 97.06641 97.97919 98.91513 100.5835 101.3017 101.8851 102.4163 102.9799 103.5829 104.1983 104.8132 106.2682 106.9315 107.201 107.4375 107.676 107.9047 108.1302 108.3868 108.4823 108.9953 109.8084 111.008 112.6575 114.7666 117.3114 120.2382 123.4674 129.2078 132.9726 136.648 140.159 143.47 146.5707 149.4562 152.1066 156.4148 158.32 159.9466
86.73323 85.74969 85.23801 84.81014 84.47989 84.2604 84.16035 84.18077 84.31444 84.86832 85.19366 85.6013 86.08916 86.66051 87.31863 88.05621 88.84292 90.09077 91.02046 91.98195 92.98589 94.02516 95.05934 96.05482 97.02436 97.95512 99.7417 100.5708 101.3045 101.883 102.1892 102.7673 103.3599 103.948 104.8889 105.4045 105.879 106.3394 106.9662 107.2262 107.439 107.8187 107.9787 107.9513 108.2281 108.7544 109.6511 111.0361 113.0071 115.5184 118.4961 123.5857 127.5727 131.6272 135.606 139.3879 142.894 146.1087 149.0485 151.7362 156.3097 158.3696 160.1023 161.5308
87.28117 86.63815 86.0621 85.55458 85.12718 84.79612 84.57641 84.83617 84.96909 85.20343 85.52766 85.93236 86.41397 86.9798 87.64351 88.39644 89.75793 90.76176 91.78355 92.80305 93.83353 94.8941 95.93776 96.93794 98.78706 99.71313 100.5599 101.3176 101.9601 102.4331 102.7812 103.266 103.8015 104.7725 105.2867 105.7937 106.2544 106.645 106.9935 107.1685 107.3863 107.5319 107.611 107.66 107.7605 108.0257 108.5866 111.1646 113.4784 116.4027 121.3312 125.4939 129.8284 134.1639 138.3351 142.1973 145.6556 148.7356 153.8929 156.2457 158.4212 160.3177 161.8645 163.094
87.57739 86.97398 86.41544 85.91168 85.48122 85.1447 85.29308 85.18284 85.19797 85.33119 85.57082 85.90373 86.7953 87.35265 88.50136 89.35873 90.45337 91.57039 92.64668 93.67049 94.66634 95.72118 96.76282 98.61996 99.62112 100.5128 101.2883 101.9625 102.5212 102.9758 103.3666 104.3248 104.7402 105.1824 105.674 106.1883 106.6539 106.9894 107.193 107.297 107.5005 107.5473 107.5578 107.5616 107.6463 107.9354 108.5718 109.7084 112.2091 115.2208 118.9072 123.0876 132.2128 136.7847 141.1162 145.0323 150.9646 153.6458 156.1214 158.3752 160.4232 162.1902 163.5593 164.6278
87.92045 87.3629 86.81877 86.31333 86.30974 85.94766 85.69974 85.57989 85.59103 85.72903 85.98547 86.34624 86.78804 87.93051 88.48135 89.22933 90.25345 91.41814 93.6283 94.59908 95.461 97.31955 98.40555 99.46552 100.4192 101.2244 101.8745 102.4592 103.0092 104.005 104.451 104.8336 105.1813 105.543 105.9968 106.5109 106.9641 107.2139 107.4516 107.5429 107.5772 107.571 107.5367 107.5267 107.6408 108.0117 109.2905 110.9292 113.3748 116.67 120.6384 125.092 129.8374 134.676 139.4097 146.3382 150.1367 153.192 158.1106 160.2452 162.1864 163.8721 165.0755 167.3056
88.35689 87.82335 87.27827 87.25443 86.79126 86.41272 86.14986 86.01949 86.02704 86.17345 86.45833 87.47461 88.08284 88.75014 89.34021 90.26378 91.39595 92.58855 93.68855 95.71612 96.55154 97.36424 98.31055 100.3135 101.1626 101.8038 102.1957 102.8508 104.0262 104.5693 105.0112 105.3549 105.6177 105.8518 106.231 106.7097 107.1458 107.325 107.4677 107.5595 107.5898 107.5669 107.5062 107.5571 107.7652 108.8012 110.0887 112.0546 114.8876 118.4745 122.6755 127.3176 132.2082 139.5669 144.2751 148.5654 152.1207 155.0528 157.5464 159.7621 161.7677 163.5712 166.1486 168.4452
88.88467 88.93137 88.33245 87.78679 87.33214 86.94065 86.66512 86.52551 86.52815 87.28069 87.60735 88.13516 88.81034 89.56939 90.39777 91.44638 92.65123 93.85828 95.89815 96.55258 97.44147 98.34038 99.28521 100.2451 101.1332 101.84 102.9643 103.4893 104.089 105.1899 105.6071 105.9136 106.1072 106.26 106.4568 107.0033 107.1485 107.2906 107.4103 107.5071 107.5451 107.4856 107.5337 107.8414 108.4675 109.5689 111.2419 113.6335 116.7928 120.626 124.9954 129.7336 137.1546 141.9058 146.3947 150.4277 153.7769 156.5797 158.9747 161.0818 163.9148 165.5041 167.0154 168.3372
90.16275 89.50951 88.88828 88.36642 87.96293 87.56932 87.28477 87.14124 87.92334 88.04137 88.34961 88.89471 89.52492 90.47168 91.49394 92.62795 94.89241 96.00363 96.86758 97.61533 98.45934 99.33374 100.2343 101.1248 101.9232 103.2371 103.7402 104.2714 104.8301 105.3613 105.819 106.1998 106.4798 107.0012 107.1382 107.1284 107.1544 107.2476 107.3259 107.4331 107.4821 107.4819 107.6478 108.1271 109.071 110.5962 112.7333 115.5597 119.0486 123.1 130.4105 135.0731 139.7164 144.1932 148.3562 152.0466 155.1853 157.847 161.1206 163.0335 164.7558 166.3376 167.8446 169.2136
91.02179 90.23444 89.47349 89.06734 88.78269 88.34724 89.08233 88.99615 88.98917 89.07542 89.35384 89.96294 90.71063 91.6591 92.68843 94.92369 95.89541 96.94566 97.88398 98.71236 99.52542 100.3238 101.1445 102.7205 103.3648 103.9399 104.4795 105.0188 105.5433 106.0095 106.3767 107 107.193 107.2787 107.3278 107.3817 107.3484 107.2852 107.3748 107.3056 107.5073 107.5382 107.8253 108.5528 109.8593 111.8318 114.521 117.8172 124.5846 128.9738 133.4931 138.0016 142.3635 146.4761 150.2532 153.572 156.4587 159.9769 162.0159 163.8336 165.474 167.0979 168.6339 170.046
92.94791 92.15053 91.37188 90.66302 90.16535 90.73282 90.50919 90.416 90.41499 90.52711 90.83429 91.41302 92.17418 94.62105 95.48086 96.1943 96.97968 98.04382 99.02167 99.85935 100.6189 102.2293 102.8561 103.4747 104.0495 104.5974 105.1473 105.6842 106.1681 106.5613 107.0055 107.159 107.3265 107.4698 107.5808 107.6365 107.6098 107.5458 107.6524 107.579 107.4217 107.5676 107.6748 108.1583 109.213 113.5136 116.726 123.5196 127.8855 132.3594 136.8105 141.1023 145.1048 148.7633 152.0578 156.525 158.8813 160.9872 162.8924 164.6467 166.2708 167.8757 169.4165 170.8542
