public/沉降量2015-2021（地形转栅格）/cjl2021.txt
ncols         346
nrows         239
xllcorner     104.24612109509
yllcorner     31.067832478695
cellsize      0.00084765149693467
NODATA_value  -9999
[rows 196 to 223 of 239, columns 128 to 191 of 346]
141.772 140.6345 139.1212 138.8897 137.3464 136.9728 136.6145 135.3027 134.2909 133.2594 132.0993 136.369 136.9577 137.5236 138.8864 140.1066 141.9026 143.6364 144.2153 145.2937 147.6619 148.1896 148.9886 149.7228 150.4415 151.1825 151.9105 152.6568 153.7288 154.0012 154.186 154.3167 154.4441 154.5797 154.7169 154.8282 154.7913 155.9668 155.3002 154.5984 154.4914 155.7504 159.1296 165.0903 173.3541 188.2442 196.4857 203.7497 209.712 214.359 218.0658 221.9642 224.5134 227.4572 231.9305 234.5249 236.879 238.9645 240.7859 242.3661 243.7356 244.9265 246.3189 247.1757
142.9617 143.8115 142.5148 141.2825 139.9667 139.3438 138.7375 137.5405 136.9872 136.3821 137.4709 137.4516 138.6683 139.6463 140.6099 141.5144 143.7672 145.0893 147.4767 148.2731 148.9495 149.0156 149.6577 150.3968 151.1546 151.9026 152.5976 153.6139 153.9984 154.1727 154.3934 154.6693 155.0039 155.3826 155.7694 157.5724 158.0347 158.2678 158.3672 158.6533 159.6296 161.8694 165.8729 178.3674 185.8537 194.1108 201.8191 208.3729 213.3796 216.6201 219.0374 221.4581 225.699 228.3767 231.0122 233.5394 238.0141 239.9008 241.5551 242.9973 244.7906 245.7928 246.6814 247.4753
145.6924 145.1239 144.1634 143.6739 142.428 141.832 141.4061 140.6599 142.3556 141.4604 140.7563 140.7249 141.3828 142.2757 143.5527 143.932 144.0305 146.7086 147.757 148.9048 149.0073 149.0203 150.2555 151.0329 151.8064 153.077 153.6051 153.8201 154.0006 154.2748 154.6261 155.0812 155.6442 157.2284 158.171 159.099 159.9517 160.7301 161.5656 162.7466 164.6693 167.7434 178.6003 185.0986 192.8265 200.6753 207.6513 213.3644 217.4224 219.1357 223.803 225.8499 228.2145 230.6314 232.9964 235.243 237.3217 239.2035 240.8795 243.1665 244.316 245.3341 247.0506 247.7822
147.1719 146.6 145.916 145.2174 144.1711 143.982 143.9401 145.0942 144.1706 143.9391 143.8345 143.8519 144.0153 144.3155 145.3239 147.5566 147.9533 148.807 149.0514 149.6735 149.8188 149.8999 150.3288 151.7095 152.287 152.8959 153.497 154.0004 154.1698 154.494 154.9608 155.5789 157.1099 158.1884 159.3708 160.6081 161.8746 163.2151 164.7741 166.8009 174.5304 179.386 185.2177 192.5333 200.3644 207.6917 213.6413 218.2844 221.2435 226.4626 227.5902 229.1582 231.0433 233.0541 235.0619 236.986 238.7763 241.5812 242.8354 243.9618 244.9699 245.8731 246.6859 247.4218
148.3464 147.9634 147.5587 146.8328 146.0204 147.0412 146.8036 146.4752 146.028 145.9383 146.0173 146.2355 146.6095 148.9761 149.0015 148.996 149.0596 149.7293 150.0867 150.4755 150.6781 150.8555 152.0494 152.4094 152.8112 153.2328 153.6491 154.0001 154.1544 154.4127 155.2882 156.0125 156.9008 159.1963 160.5858 162.1158 163.8009 165.7157 168.0045 175.1208 179.5047 185.0852 192.3438 200.2832 208.0027 214.6522 219.3016 226.9285 228.8 230.0416 231.1045 232.3601 233.8403 235.4516 237.0941 240.2909 241.5342 242.6929 243.7565 244.7242 245.6017 246.3985 247.1248 247.7909
149.0207 149.0009 148.9505 148.9962 148.3555 148.0724 147.9222 147.7665 147.6024 147.5796 147.6831 148.0268 150.026 150.4254 150.4517 150.3499 150.3384 150.6675 150.98 151.2894 152.3226 152.5612 152.8081 153.0329 153.2542 153.4768 153.7122 153.9995 154.2963 155.1323 155.8801 156.7519 157.7648 158.9447 160.3154 161.8951 163.7096 168.0668 175.156 180.0225 185.3638 191.9407 200.0755 208.0236 214.9966 225.0294 228.2189 230.4971 232.0775 233.2061 234.175 235.214 236.3893 237.6683 240.6775 241.7332 242.7531 243.7165 244.6133 245.4408 246.2023 246.9037 247.9637 248.5092
150.1697 149.8505 150.3521 150.0556 149.0218 148.9958 149.003 149.0036 148.9972 148.9932 150.4415 150.7598 151.4302 151.7715 151.7189 151.5285 151.4252 151.5502 151.7847 152.7482 153.0217 153.2506 153.4708 153.5722 153.6437 153.7021 153.7705 154.3466 154.9581 155.7383 156.6418 157.6569 158.7997 160.1077 161.6281 165.2627 167.7165 170.729 174.5169 179.3724 185.5561 192.9142 200.7821 208.5092 225.7751 229.1169 231.6576 233.5203 234.8661 235.8798 236.7541 237.6374 240.4311 241.2715 242.1343 242.9962 243.836 244.6385 245.3954 246.1041 246.7659 247.8376 248.3579 248.8533
151.5708 151.2589 150.9694 150.6581 150.3024 150.0312 150.0729 150.1994 151.5952 151.5828 151.7775 152.2582 152.8514 153.0385 152.7809 152.4587 152.2549 152.7857 152.9889 153.3098 153.5897 153.7615 153.9976 154.0001 153.9998 154.3421 154.4954 154.9333 155.6382 156.5389 157.5803 158.7398 160.033 161.5064 165.1899 167.5764 170.4672 174.0326 178.533 184.3927 192.2861 201.0209 216.3207 222.1128 226.4682 229.8052 232.4307 234.4572 235.9899 238.0612 238.8555 241.2267 241.9273 242.6404 243.3616 244.0789 244.7802 245.4558 246.1001 247.2626 247.7732 248.2625 248.7324 249.1845
152.2647 151.9319 151.632 151.3651 151.149 151.071 151.2208 152.7472 152.8698 152.8327 152.5808 152.7844 153.383 153.9818 153.9885 153.4463 153.1532 153.121 153.3564 153.7343 153.9983 154.0011 154.1896 154.2578 154.6255 154.7889 155.1084 155.677 156.495 157.5157 158.6934 160.0112 163.2019 165.2037 167.5846 170.4444 173.9146 178.1892 183.5387 190.3861 199.3693 214.9636 221.4702 226.357 230.0166 232.7939 234.9464 236.6214 237.9242 240.3265 241.1255 241.8316 242.4895 243.1268 243.7566 244.9946 245.5935 246.7977 247.2879 247.7606 248.2169 248.6582 249.0857 249.5006
152.9409 152.6052 152.3394 152.1404 152.0283 153.0082 153.3033 153.9552 154.0094 153.9532 153.2327 153.3978 153.9904 154.2511 154.4816 154.0282 153.9795 153.49 153.4178 153.6268 154.1577 154.2512 154.7693 154.917 155.07 155.3593 155.8493 156.573 157.5233 158.6715 159.9926 163.2053 165.1875 167.5587 170.4238 173.8823 178.0843 183.289 189.8647 204.4725 212.9985 219.8134 225.2024 229.3434 232.4871 234.8862 236.7468 239.3251 240.432 241.3533 242.1418 242.8398 243.4791 244.0817 244.6603 245.2205 246.4083 246.8837 247.3408 247.7816 248.6216 249.024 249.4164 249.7997
153.5465 153.276 153.1056 152.9935 153.9986 153.9969 154.0656 154.699 154.8951 154.6962 154.0542 154.051 156.0562 156.0988 155.8051 155.305 154.8163 154.0826 153.9999 154.001 155.0314 155.0187 155.1223 155.3266 155.4414 155.6351 156.77 157.6712 158.7661 161.7145 163.3234 165.2066 167.4693 170.2455 173.6638 177.7966 182.7847 194.4352 201.8795 209.6988 217.16 223.021 227.669 231.2953 234.0958 236.2641 238.7523 240.0807 241.1807 242.1096 242.9107 243.6175 244.2552 244.8424 245.9871 246.4836 246.9493 247.3904 247.8116 248.2164 248.6078 248.9883 249.3597 250.0051
154.0133 153.9984 155.1444 155.266 155.3693 155.4681 155.6426 156.0587 156.2625 156.1607 158.2077 158.2379 158.3337 158.2809 157.968 157.4324 156.7736 156.0315 155.5969 157.3101 156.6929 156.2313 155.9589 155.9884 155.993 156.3063 157.0243 159.6563 160.9346 162.2886 163.7889 167.5632 170.0739 173.2274 177.2125 182.0253 192.5647 199.4289 206.6095 213.6641 219.8141 225.0059 229.1758 232.4749 235.6295 237.6241 239.2486 240.5894 241.7133 242.67 243.4969 244.2223 244.8682 245.9452 246.4741 246.9573 247.4041 247.8225 248.2186 248.5975 248.963 249.612 249.9398 250.2611
156.0406 156.2598 156.52 156.7836 157.0355 157.2878 157.5824 157.948 158.1976 160.7964 160.958 161.1016 161.2015 161.1447 160.8488 160.3099 159.5822 162.0301 161.004 159.9594 158.9326 157.9514 157.0024 156.1419 156.1536 157.2018 160.7796 162.1044 163.445 164.8443 166.4026 168.2191 170.3875 173.0664 180.0135 184.5874 190.6448 203.9696 210.5935 216.8921 221.9588 226.3796 230.1059 233.5609 235.9582 237.9361 239.5754 240.9466 242.1063 243.0976 243.9537 245.087 245.7569 246.3481 246.8752 247.351 247.7863 248.1899 248.569 249.2168 249.5497 249.8714 250.1846 250.4913
156.9355 157.2636 157.6429 158.4803 158.9007 159.3203 159.7523 162.6228 163.1399 163.581 163.9503 164.2568 164.4641 164.4918 164.2664 163.7572 166.7709 165.6861 164.4354 163.1202 161.8177 160.5796 159.4619 158.6487 162.3195 163.0158 164.1297 165.4148 166.7253 168.1044 169.6943 171.6019 178.2343 181.2372 184.6328 189.6441 195.6836 202.0529 208.2037 213.7144 218.7384 224.1398 231.0912 233.8632 236.2037 238.1706 239.8259 241.2258 242.4178 243.7298 244.6281 245.4064 246.0845 246.6795 247.2064 247.6783 248.1066 248.5009 249.1235 249.4632 249.7868 250.0983 250.4007 250.6961
158.0654 158.5646 159.1084 159.6852 160.2771 160.8715 163.6384 164.3898 165.8116 166.4515 167.0335 167.5416 167.9289 168.1159 171.8849 171.5486 170.7253 169.525 168.1028 166.6227 165.2153 163.9664 167.0511 166.6263 166.6694 167.2613 168.307 169.5862 170.8442 172.1636 173.789 181.1425 183.6204 186.9644 190.8058 195.654 201.2374 207.0426 212.3976 219.2364 222.1097 225.3891 228.6281 231.5949 234.2112 236.4731 238.4103 240.0644 242.9444 243.9896 244.8931 245.676 246.3572 246.9537 247.4802 247.9497 248.5962 248.9816 249.3383 249.6729 249.9904 250.2949 250.5895 250.8766
159.2635 159.916 160.6172 161.3544 163.9496 164.8716 165.7898 166.6949 167.5794 168.4375 169.2651 170.0555 173.8083 174.6598 175.6179 175.4502 174.6072 173.3131 171.7713 170.2281 168.8727 171.8184 171.4963 171.3512 171.4741 172.0512 173.1592 174.6081 175.8588 183.0643 184.7961 187.5151 190.4093 193.7852 197.5886 201.9421 206.7624 211.7912 218.6231 221.1697 223.8117 226.6697 229.534 232.23 234.669 236.8241 239.068 240.6389 242.0088 243.1993 244.2324 245.1289 245.9077 247.1814 247.7063 248.3597 248.7801 249.1639 249.5183 249.85 250.1639 250.4639 250.7532 251.1715
160.5159 161.304 163.7007 164.7245 165.7764 166.8364 167.8875 168.9191 169.9282 170.9182 171.8971 175.3274 176.4277 177.4861 178.368 178.8921 178.9946 178.1066 176.7823 176.7673 175.9528 175.7926 176.1428 176.3724 176.6222 177.2431 178.533 180.4427 188.6975 190.5493 192.6375 195.2174 198.0135 201.1196 204.4978 208.0091 215.9356 218.3671 219.9726 222.6215 225.2929 227.9531 230.5491 233.0022 235.2539 237.8297 239.5068 240.9964 242.3092 243.4603 244.4662 245.3443 246.1109 246.9513 247.533 248.0502 248.5136 248.9326 249.3155 249.9993 250.3112 250.732 251.0159 251.2905
161.8195 164.1867 165.2773 166.4234 167.597 168.7706 169.9221 171.0385 172.1201 175.1812 176.2287 177.3202 178.4737 179.6448 180.6668 181.2281 181.7359 180.7771 181.7673 180.4108 179.4442 179.0941 179.5717 180.8729 182.1159 182.87 191.4843 193.9475 196.3953 198.7214 201.0544 203.3935 205.7681 208.367 217.1488 218.5668 219.6244 221.2151 222.6563 224.7379 227.0453 229.3988 231.7096 234.9394 236.7712 238.4659 240.009 241.397 242.6343 243.73 244.6962 245.7395 246.4615 247.1024 247.6731 248.1836 248.6432 249.0604 249.4423 249.7954 250.232 250.5426 250.8377 251.1205
164.5921 165.6913 166.8873 168.1442 169.4229 170.6849 171.899 173.0482 175.9755 176.9116 177.8256 178.7837 179.8295 180.9444 181.9529 182.0214 182.9193 183.0564 182.9577 182.229 182.0381 182.237 183.1426 185.1172 192.4122 194.4789 196.5977 198.9624 201.5929 204.2757 209.2904 211.2472 212.9511 219.8876 221.4201 222.4716 223.2549 224.3002 225.5083 227.127 229.0079 232.6623 234.358 236.035 237.6457 239.1589 240.5564 241.8302 242.9795 244.0087 245.1559 245.9291 246.6217 247.2421 247.799 248.3008 248.7552 249.1695 249.6439 249.9953 250.3242 250.6343 250.9291 251.2114
166.0596 167.2383 168.5323 169.8924 171.2632 172.5905 175.7214 176.7785 177.6661 178.4038 179.0746 179.7618 180.5154 181.3075 181.9971 182.6993 183.5366 184.2438 184.7404 184.9918 185.5446 186.4874 188.0189 195.8354 198.3933 200.9204 203.4867 206.1426 208.8373 211.578 214.0865 221.5129 222.7774 223.5251 224.2006 225.8382 226.4714 227.2466 228.2268 229.5023 232.9335 234.2892 235.7118 237.1443 238.5433 239.8778 241.128 242.2828 243.7026 244.5843 245.3882 246.1177 246.778 247.3754 247.9162 248.4075 248.8552 249.3528 249.728 250.0775 250.4053 250.7149 251.0093 251.2914
166.5068 168.8144 170.2017 171.6605 174.952 176.3577 177.5595 178.5079 179.2363 179.7207 180.0924 180.4537 180.8744 181.4471 181.9857 183.105 184.5192 185.9086 187.1612 188.3209 189.6551 196.326 198.8241 201.537 204.3022 207.0271 209.7936 212.5394 215.0234 217.6143 223.6107 225.1828 226.2928 227.0095 227.58 228.1776 228.7241 229.251 232.149 232.8328 233.6819 235.808 237.0002 238.2185 239.4256 240.5937 242.2636 243.1938 244.0655 244.8749 245.6216 246.3068 246.9337 247.5063 248.0294 248.6067 249.0366 249.4351 249.8059 250.1525 250.4786 250.7871 251.0811 251.4283
168.0168 169.0885 170.3935 173.4908 175.1328 176.7244 178.1424 180.09 180.6938 180.9192 181.023 182.0017 181.9975 181.9967 182.2631 184.0724 186.1494 188.1957 190.1494 192.0656 198.6208 201.2923 204.0857 206.942 209.7436 212.3645 215.0803 217.7522 223.0862 224.9376 226.5507 227.9047 228.9182 229.6316 230.179 230.6721 233.0953 233.5468 234.0551 234.6616 235.3887 236.234 237.1758 238.1823 239.2209 241.0332 242.7964 243.6299 244.42 245.1622 245.8543 246.4965 247.0899 247.7692 248.2542 248.7048 249.124 249.5147 249.8801 250.2231 250.5467 250.8538 251.2088 251.4897
169.5402 172.0479 173.4022 175.0172 176.7304 178.3514 179.7334 180.8181 181.3575 181.9626 182.9638 183.1821 183.5443 183.854 184.6192 186.4391 188.7284 191.1562 197.331 200.144 203.0267 205.9557 208.8715 211.7051 214.3894 216.5308 221.4679 223.5897 225.4665 227.1768 228.6649 229.9046 230.8725 231.6003 232.1672 234.2011 234.6688 235.131 235.6272 236.1891 236.8351 237.5674 238.3745 240.1564 240.9364 241.7286 242.5182 243.2929 244.0429 244.761 245.4425 246.0845 247.4046 247.9022 248.3679 248.8036 249.2114 249.5936 249.9527 250.2912 250.6754 250.978 251.2684 251.5486
172.5568 173.4289 174.7502 176.3984 178.1561 179.739 180.9389 181.9465 182.6545 183.4548 184.1402 184.7088 185.2256 185.7827 186.5307 187.7241 193.1679 195.5648 201.09 204.059 207.0902 210.0905 212.909 215.4383 217.9409 221.155 223.242 225.2837 227.1293 228.7687 230.185 231.3701 232.3256 234.2008 234.8523 235.4118 235.9178 236.4054 236.9064 237.4463 238.0408 238.6951 240.2761 240.9475 241.6411 242.3461 243.0519 243.7487 244.4285 245.0848 245.9715 246.5287 247.059 247.5614 248.0357 248.4827 248.9034 249.6725 250.0249 250.4257 250.7388 251.0388 251.3275 251.6068
174.0695 174.7401 175.9622 177.5998 179.38 180.8551 182.0226 182.6951 183.6432 184.7147 185.7405 186.6824 187.5828 188.534 189.6746 194.786 196.8314 199.2022 201.8317 204.6533 207.6078 210.6169 213.5269 219.1909 220.7213 222.5967 224.6035 226.5566 228.3433 229.9275 231.2976 232.4561 234.2477 235.0618 235.7546 236.3586 236.9053 237.4232 237.938 238.4704 239.847 240.4159 241.0081 241.6214 242.2506 242.889 243.529 244.1632 245.1125 245.6734 246.2166 246.7394 247.2397 247.7164 248.1692 248.5983 249.0043 249.4788 249.8333 250.1712 250.4939 250.8029 251.3869 251.6653
175.6763 176.0383 177.0609 178.6041 180.3901 181.9834 182.7078 183.7905 185.1026 186.4935 187.8491 189.1333 190.3762 195.0518 196.6471 198.426 200.4463 202.7128 205.1942 207.8479 210.6245 213.4464 217.6285 219.1373 220.4266 222.0063 223.8183 225.7189 229.2808 230.8084 232.8061 233.9315 234.9014 235.737 236.4629 237.1046 237.6875 238.2344 239.431 239.97 240.5103 241.0591 241.6199 242.1927 242.7754 243.3638 243.953 244.875 245.4122 245.9376 246.448 246.941 247.415 247.8686 248.3016 248.8292 249.2083 249.5701 249.9157 250.2465 250.5636 250.8685 251.1627 251.4478
177.543 177.4755 178.1673 180.535 181.8423 182.2662 183.7627 185.4346 187.1537 188.8581 190.4966 195.4016 197.0415 198.643 200.2765 202.0172 203.9178 205.9933 208.2272 210.587 214.9172 216.928 218.8283 220.1334 221.5166 223.1091 224.8579 226.6591 229.1268 230.6806 232.0925 233.351 234.4589 235.4286 237.0278 237.6986 238.3107 239.4043 239.9677 240.5142 241.0529 241.5908 242.1317 242.6772 243.2268 244.1413 244.6628 245.1786 245.6859 246.1823 246.6653 247.1331 247.584 248.0173 -9999 -9999 -9999 -9999 -9999 -9999 -9999 -9999 -9999 -9999
179.9246 182.1614 182.0172 182.3904 183.5845 184.588 186.1843 188.0369 189.9587 191.8565 197.3274 199.109 200.7766 202.356 203.9064 205.4996 207.1911 209.0003 213.2779 214.8334 216.3925 217.8555 219.1398 220.7569 222.3647 224.0246 225.7405 228.1643 229.747 231.2293 232.5864 233.8083 234.8969 235.8624 236.7197 237.8615 238.5688 239.2203 239.8286 240.9596 241.5002 242.0329 242.5619 243.0895 -9999 -9999 -9999 -9999 -9999 -9999 -9999 -9999 -9999 -9999 -9999 -9999 -9999 -9999 -9999 -9999 -9999 -9999 -9999 -9999
