public/沉降量2015-2021（地形转栅格）/cjl2016.txt
ncols         346
nrows         239
xllcorner     104.24612109509
yllcorner     31.067832478695
cellsize      0.00084765149693467
NODATA_value  -9999
[rows 56 to 83 of 239, columns 0 to 63 of 346]
-9999 -9999 -9999 124.4799 124.4737 124.4207 124.3346 124.2227 124.0867 123.9221 123.7236 123.4919 123.2373 122.989 122.7271 122.4729 122.2114 121.9115 121.5356 121.0503 120.4358 119.6347 118.7927 117.8766 116.929 116.0108 115.2083 114.3013 113.2379 112.3455 110.9874 109.4904 107.8694 106.1425 104.3305 102.4586 100.5533 98.63654 97.34684 95.47546 91.80046 90.04112 88.37404 86.81769 85.36807 84.00159 83.41556 82.17579 80.98616 79.85406 78.79781 77.83635 76.98024 76.22524 76.04854 75.3816 74.78719 74.26536 73.81698 73.44631 73.16646 72.99992 72.85341 72.71095
-9999 -9999 -9999 -9999 124.4876 124.4398 124.3571 124.2469 124.1112 123.9463 123.747 123.5495 123.2895 123.0164 122.7433 122.4729 122.1921 121.8729 121.4812 120.938 120.3266 119.6047 118.7879 117.9046 116.9929 116.1119 115.4661 114.6041 113.889 112.6915 111.3562 109.8872 108.2977 106.605 104.8282 102.9898 101.6923 99.83372 97.97951 96.14011 94.32051 92.52976 90.78748 89.11992 88.27763 86.7886 84.08694 82.84955 81.67217 80.55226 79.49554 78.51186 77.60907 77.27357 76.47639 75.75125 75.10092 74.52968 74.0426 73.64687 73.35059 73.22998 73.00039 72.73386
-9999 -9999 -9999 -9999 124.5014 124.5045 124.4636 124.386 124.2789 124.1864 123.8285 123.5969 123.3359 123.0574 122.7731 122.4861 122.1854 121.8465 121.4137 120.9076 120.3042 119.6051 118.8285 118.0086 117.198 116.4693 115.9877 115.1549 114.1659 113.0213 111.7265 110.293 108.7381 107.0807 105.8605 104.0919 102.2797 100.4475 98.61705 96.80263 95.01117 93.24782 91.52454 90.58875 88.9976 87.48633 86.06332 84.72704 83.46925 82.28044 81.15344 80.5979 78.59494 77.68581 76.84343 76.07271 75.37917 74.76913 74.2485 73.95928 73.58276 73.27321 73.00024 72.74786
-9999 -9999 -9999 -9999 124.5111 124.5234 124.491 124.42 124.3611 124.2343 124.0761 123.8832 123.6541 123.3931 123.1102 122.8155 122.2136 121.8391 121.406 120.8968 120.3025 119.6264 118.8868 118.1151 117.4533 116.7206 116.0075 115.3053 114.4222 113.3448 112.0974 110.7036 109.1856 108.0522 106.385 104.6523 102.8725 101.067 99.25784 97.46259 95.69178 94.63661 92.94534 91.29645 89.70126 88.17236 86.71979 85.34869 84.05711 83.36818 82.1805 81.05638 79.99165 78.98505 78.03894 77.15768 76.34814 75.61794 74.5596 74.06496 73.65131 73.30293 73.00023 72.73422
-9999 -9999 -9999 -9999 124.5204 124.543 124.5504 124.4972 124.4081 124.287 124.1335 123.9448 123.719 123.4591 123.2438 122.9327 122.6025 122.2493 121.86 121.4169 120.9052 120.319 118.9485 118.2927 117.5525 116.8096 116.0806 115.5323 114.7169 113.6806 112.4712 111.523 110.084 108.539 106.9088 105.2119 103.4652 101.6874 99.89912 98.77211 97.02517 95.3071 93.62386 91.97983 90.382 88.8396 87.36166 85.95576 85.17635 83.87701 82.64627 81.48064 80.37621 79.33128 78.34724 77.42911 76.78801 75.99127 75.28453 74.67036 74.1459 73.70204 73.3251 72.71906
-9999 -9999 -9999 -9999 124.5287 124.58 124.5798 124.5372 124.457 124.3429 124.1952 124.0115 123.79 123.6103 123.3216 123.0054 122.6654 122.2994 121.8979 121.4464 120.9327 120.4041 119.7744 119.1012 118.4019 117.6982 117.0198 115.9036 115.0421 114.0125 113.1753 111.9172 110.5253 109.0214 107.4281 105.7661 104.0524 102.3033 101.166 99.41679 97.67825 95.96378 94.28224 92.63828 91.03619 89.48201 88.57813 87.11324 85.7083 84.36751 83.09231 81.88168 80.73364 79.64713 78.6237 77.88326 76.96747 76.13789 75.40085 74.75861 74.20795 73.73991 73.34177 73.00027
-9999 -9999 -9999 -9999 124.5386 124.5953 124.6072 124.5761 124.5059 124.4001 124.2593 124.1535 123.9429 123.6923 123.4048 123.0858 122.739 122.3634 121.9522 121.4941 121.0422 120.4713 119.8513 119.1936 118.5147 117.8353 117.1811 116.575 116.0038 115.3602 114.5304 113.5025 112.3029 109.4962 107.9395 106.3111 105.1918 103.5001 101.7811 100.0492 98.31979 96.60722 94.92297 93.2738 91.66374 90.68443 89.14548 87.65475 86.21691 84.83742 83.5192 82.26369 81.07095 80.21768 79.11217 78.07951 77.12746 76.26445 75.49718 74.82809 74.25431 73.78339 73.36055 73.00037
-9999 -9999 -9999 -9999 124.5388 124.6073 124.6315 124.6126 124.5534 124.457 124.3879 124.225 124.0213 123.7762 123.4918 123.1725 122.8219 122.4398 122.1039 121.6375 121.1206 120.5525 119.9394 119.2919 118.6242 117.9511 117.3976 116.7254 116.0634 115.5698 114.8168 113.8405 112.6855 111.3834 109.9599 108.9208 107.3581 105.7368 104.0726 100.6646 98.94599 97.23611 95.54726 94.48584 92.84868 91.24741 89.68613 88.16869 86.69975 85.28358 83.925 82.96857 81.69077 80.47674 79.33075 78.25906 77.27011 76.37297 75.57504 74.8798 74.2979 73.78566 73.36052 73.00049
-9999 -9999 -9999 -9999 124.535 124.6152 124.6519 124.6455 124.6383 124.5631 124.4489 124.2946 124.0986 123.8602 123.5806 123.2634 123.0065 122.6207 122.1961 121.728 121.2113 120.6457 120.0378 119.3982 118.7384 118.2107 117.5613 116.9366 116.3761 115.9199 115.1389 114.179 113.0568 112.1732 110.8263 109.3796 107.8521 106.2619 104.6249 102.9538 101.2594 100.1381 98.43781 96.7428 95.0639 91.78842 90.20236 88.65663 87.15576 85.70461 84.66571 83.28815 81.97089 80.71721 79.53174 78.42134 77.39506 76.4628 75.66873 74.9191 74.28606 73.76686 73.34865 73.00082
-9999 -9999 -9999 -9999 -9999 124.5269 124.6184 124.6779 124.6967 124.6097 124.5057 124.3606 124.173 123.9422 123.669 123.448 123.1024 122.7186 122.2944 121.8264 121.3109 120.7485 120.146 119.6393 119.0025 118.3633 117.7319 117.1218 116.5477 115.9985 115.3417 114.7508 113.7134 112.5229 111.2156 109.8104 108.322 106.7655 105.1564 103.5081 102.3825 100.7002 99.00545 97.30909 95.62152 93.95206 92.30838 90.69624 89.56168 87.99368 86.47104 83.5845 82.22923 80.93726 79.71327 78.56439 77.50024 76.57674 75.67819 74.89742 74.24165 73.71457 73.31233 73.00174
-9999 -9999 -9999 -9999 -9999 124.4958 124.6093 124.6823 124.7135 124.7027 124.6505 124.5571 124.4216 124.3072 124.0934 123.5364 123.1965 122.8165 122.3949 121.9287 121.416 120.858 120.3821 119.7693 119.1448 118.5198 117.9011 117.2915 116.6845 116.0668 115.9118 115.0332 113.9897 112.8308 111.5691 110.2115 108.7669 107.2475 106.1609 104.5572 102.9131 101.2404 99.55011 97.8522 96.15688 94.4726 92.80742 91.61842 89.98022 88.37758 86.81837 85.30978 83.85731 82.46473 81.13519 80.00989 78.78387 76.59663 75.6604 74.84488 74.15973 73.61334 73.21889 72.78271
-9999 -9999 -9999 -9999 -9999 124.4726 124.5962 124.6805 124.7237 124.7252 124.6848 124.6021 124.5247 124.3646 124.1597 123.9108 123.6192 123.2861 122.9115 122.4941 122.1318 121.0838 120.5038 119.9011 119.2887 118.678 118.0769 117.491 117.1133 116.574 115.992 115.1482 114.1705 113.0837 111.8877 110.5869 109.1902 108.1579 106.6381 105.0558 103.4256 101.7606 100.0728 98.37263 96.66896 95.4453 93.73841 92.04552 90.37544 88.73773 87.14183 85.59601 84.10638 82.86433 81.46006 80.12208 78.85729 77.67621 76.59177 75.6179 74.76779 74.05128 73.00057 72.66774
-9999 -9999 -9999 -9999 -9999 124.4442 124.5774 124.6724 124.7272 124.7406 124.7313 124.6705 124.5652 124.4145 124.2186 123.9783 123.695 123.3692 123.0836 122.6783 122.2274 121.7318 121.1949 120.6243 120.0316 119.4296 118.8297 117.8011 117.225 116.6373 115.9882 115.1683 114.2968 113.3108 112.1922 111.319 110.0071 108.5963 107.1023 105.5394 103.9218 102.263 100.576 99.35107 97.62747 95.89787 94.16891 92.44862 90.7465 89.07344 87.4407 85.85774 84.53072 83.02689 81.58516 80.20908 78.90576 77.68606 76.56396 75.55511 74.56603 73.82022 73.27699 72.97694
-9999 -9999 -9999 -9999 -9999 124.4106 124.5527 124.6578 124.713 124.7489 124.7428 124.6929 124.5977 124.4566 124.2696 124.038 123.7629 123.5125 123.1587 122.7606 122.3175 121.8303 121.3029 120.7424 120.1591 119.6964 119.103 118.5084 117.9111 117.3024 116.6654 115.9725 114.4584 113.9014 112.87 111.702 110.4159 109.0289 107.5557 106.0092 104.4025 102.7489 101.53 99.81281 98.07674 96.3291 94.57677 92.82779 91.0928 89.38414 87.96314 86.30576 84.7049 83.16379 81.68446 80.27049 78.9294 77.67256 76.44778 75.3773 74.44228 73.65514 73.03503 72.72365
-9999 -9999 -9999 -9999 -9999 124.3719 124.5225 124.6099 124.6955 124.7417 124.7462 124.7069 124.6219 124.4904 124.3126 124.1331 123.8745 123.5723 123.2262 122.8361 122.4018 121.9244 121.4077 120.858 120.4086 119.8276 119.2356 118.6363 118.0275 117.4013 116.7462 116.0636 115.9096 115.1476 114.2587 113.239 112.0899 110.8238 107.999 106.4661 105.3214 103.6748 101.9832 100.2579 98.50787 96.74051 94.96291 93.18382 91.41487 89.93193 88.18745 86.49234 84.85377 83.27489 81.7577 80.30627 78.92867 77.58116 76.36617 75.28027 74.34663 73.5849 73.00131 72.58632
-9999 -9999 -9999 -9999 -9999 124.2802 124.4461 124.5771 124.6715 124.7271 124.7416 124.7125 124.6377 124.516 124.3742 124.1688 123.9186 123.6245 123.2867 122.9052 122.4807 122.0145 121.6097 121.0856 120.5341 119.9618 119.3744 118.7762 118.1691 117.5558 117.1188 116.5461 115.9991 115.37 114.5638 113.588 112.4674 111.2236 109.8739 108.8557 107.3455 105.7622 104.1173 102.4221 98.92175 97.13297 95.32841 93.83069 91.99089 90.17151 88.38872 86.65508 84.97781 83.36023 81.80472 80.30003 78.85427 77.50284 76.26489 75.16654 74.24069 73.52153 73.00067 72.50939
-9999 -9999 -9999 -9999 -9999 -9999 124.2276 124.4005 124.6414 124.7057 124.7295 124.71 124.6443 124.5421 124.3927 124.1966 123.9551 123.6694 123.3403 122.9683 122.6241 122.1838 121.7077 121.1988 120.6612 120.0999 119.5201 118.9265 118.3236 117.8792 117.2718 116.6646 116.0588 115.5914 114.858 113.9199 112.8285 111.9795 110.6766 109.2695 107.771 106.1935 104.5489 102.8483 101.1022 99.70195 97.86453 96.00123 94.12379 92.24753 88.56821 86.79482 85.07733 83.41965 81.81833 80.25707 78.77991 77.40186 76.14077 75.02109 74.07907 73.37297 72.64517 72.16623
-9999 -9999 -9999 -9999 -9999 -9999 124.1707 124.3502 124.4958 124.6057 124.6442 124.6842 124.6822 124.6358 124.4035 124.2168 123.9844 123.7076 123.3877 123.0783 122.689 122.2632 121.8032 121.311 120.789 120.2408 119.6709 119.2464 118.6535 118.0536 117.4574 116.8835 116.3646 115.929 115.1557 114.466 113.4711 112.3318 111.0614 109.6756 108.1896 106.6175 104.9718 103.2641 101.8962 100.0715 98.20636 96.31097 94.39834 92.48476 90.58846 88.72644 87.00419 85.19988 83.45665 80.18611 78.68124 77.28226 76.00398 74.86116 73.78174 73.00353 72.46492 71.95474
-9999 -9999 -9999 -9999 -9999 -9999 124.1096 124.2955 124.4478 124.5188 124.6052 124.6524 124.6582 124.6203 124.5368 124.4067 124.2297 124.0225 123.7649 123.4651 122.7494 122.3386 121.8954 121.4208 120.916 120.5235 119.9791 119.4108 118.8241 118.2274 117.6321 117.0559 116.5172 115.9962 115.4215 114.6874 113.7694 112.6804 111.4426 110.0775 108.6034 107.036 105.7993 104.0723 102.2794 100.4303 98.53508 96.60551 94.65599 92.70366 90.92529 88.97595 87.07001 85.21785 83.42859 81.71288 80.08388 78.55656 77.14728 75.7281 74.64305 73.00452 72.39514 71.81707
-9999 -9999 -9999 -9999 -9999 -9999 124.0445 124.1738 124.3387 124.4685 124.5614 124.6154 124.6284 124.5985 124.5239 124.4031 124.2357 124.0325 123.7852 123.4963 123.1688 122.8057 122.41 121.9835 121.6286 121.1606 120.1324 119.5755 118.995 118.3972 117.7899 117.183 116.6837 116.0535 115.6061 114.9562 114.0925 113.0395 111.8261 110.4776 109.0138 107.8601 106.206 104.4681 102.6563 100.7809 98.85352 96.88739 94.89853 93.08951 91.06239 89.06314 87.10542 85.20138 83.36337 81.60539 79.94408 78.19356 76.77798 75.53743 74.49622 73.66473 73.00142 72.33481
-9999 -9999 -9999 -9999 -9999 -9999 123.9033 124.1072 124.278 124.414 124.5132 124.5737 124.5936 124.5713 124.4814 124.3786 124.2307 124.0377 123.8012 123.5237 123.2082 122.8584 122.5416 122.1472 121.7258 121.2765 120.7966 120.2847 119.7416 119.17 118.5736 117.5357 116.9235 116.3688 115.9384 115.2881 114.442 113.4071 112.2098 111.2626 109.82 108.2657 106.6094 104.8606 103.0292 101.1263 99.16471 97.4248 95.34671 93.25782 91.17715 89.12169 87.10635 85.14571 83.25574 81.4539 79.52567 77.9369 76.51067 75.2728 74.25276 73.47464 72.92259 72.20198
-9999 -9999 -9999 -9999 -9999 -9999 123.8273 124.0371 124.2137 124.3557 124.461 124.5279 124.5119 124.5041 124.4538 124.3598 124.2215 124.0392 123.8139 123.5483 123.2453 122.9576 122.6043 122.2246 121.8197 121.3889 120.9289 120.4367 119.9111 119.545 118.9745 118.38 117.7734 117.1733 116.6006 116.0572 115.5645 114.0843 112.9292 111.6356 110.2122 108.668 107.0117 105.2527 103.4015 101.47 99.77977 97.68645 95.55633 93.41035 91.26844 89.14897 87.06926 85.04698 82.90051 81.00708 79.2442 77.6316 76.18887 74.93874 73.90549 73.09792 72.21725 71.53036
-9999 -9999 -9999 -9999 -9999 -9999 123.7479 123.9636 124.1461 124.2941 124.4055 124.4263 124.4664 124.4657 124.4231 124.3379 124.2094 124.0379 123.8246 123.5943 123.3176 123.0072 122.6671 122.3013 121.9122 121.4994 121.0599 120.7426 120.2601 119.7417 119.1896 118.6111 118.0199 117.4355 116.8833 116.3836 115.9955 115.2541 114.3322 113.2406 111.9921 110.5986 109.0701 105.6485 104.1616 102.1689 100.0912 97.94745 95.75885 93.54768 91.33554 89.14336 86.87485 84.71505 82.65311 80.71484 78.92181 77.29095 75.83823 74.5859 73.58226 72.48283 71.81326 71.12443
-9999 -9999 -9999 -9999 -9999 -9999 -9999 123.8869 124.0754 124.1618 124.2855 124.3716 124.4184 124.425 124.3903 124.3137 124.1952 124.0315 123.8437 123.6178 123.3553 123.0587 122.7319 122.3797 122.0056 121.6102 121.3247 120.8984 120.4383 119.9404 119.4052 118.8382 118.2521 117.6636 117.2405 116.6245 116.0039 115.3759 114.5574 113.5399 112.3446 110.987 109.8999 108.2573 106.4725 104.5595 102.5333 100.4105 98.21071 93.6708 91.3788 89.03609 86.72032 84.4854 82.36327 80.38248 78.56587 76.92835 75.47844 73.96582 73.0038 72.1785 71.43355 70.70415
-9999 -9999 -9999 -9999 -9999 -9999 -9999 123.5791 123.7246 123.9256 124.0919 124.2221 124.3148 124.3827 124.3561 124.2884 124.1648 124.0283 123.8542 123.643 123.3955 123.1135 122.8005 122.4619 122.2051 121.8432 121.4628 121.0576 120.619 120.14 119.6186 119.0576 118.4662 118.0443 117.3915 116.7254 116.0643 115.5747 114.8203 113.8542 112.7074 111.8054 110.3419 108.7054 106.9117 104.976 102.9135 100.7413 98.47923 96.34599 93.8847 91.40492 88.94228 86.53448 82.03558 80.01337 78.17915 76.55222 74.76834 73.6682 72.82976 71.88757 71.03381 70.25629
-9999 -9999 -9999 -9999 -9999 -9999 -9999 123.3974 123.6391 123.8468 124.0197 124.1566 124.2564 124.3178 124.2963 124.2869 124.2379 124.1506 124.0264 123.6708 123.4391 123.1726 122.8744 122.6454 122.3156 121.9699 121.6074 121.2221 120.8035 120.3419 119.8322 119.4977 118.8941 118.2528 117.5936 116.9511 116.3784 115.9176 115.1141 114.4696 113.4746 112.2497 110.8101 109.1786 107.3748 105.4148 103.3134 101.0872 99.04667 96.54723 93.986 91.40059 88.83295 86.32733 83.92807 81.67624 79.1713 77.28294 75.65543 74.29495 72.31372 71.41026 70.54761 69.75854
-9999 -9999 -9999 -9999 -9999 -9999 -9999 123.3018 123.5507 123.7656 123.9455 124.0896 124.1968 124.2141 124.2533 124.2534 124.2146 124.1385 124.0271 123.8816 123.7019 123.5398 123.3078 123.0428 122.7497 122.106 121.7607 121.3939 120.9942 120.765 120.2795 119.7325 119.1271 118.4759 117.8014 117.1405 116.536 115.9856 115.3901 114.8229 113.9228 112.7336 111.3078 109.678 107.8637 105.8787 104.1855 101.84 99.35553 96.76186 94.09545 91.39952 88.7221 86.11363 83.32515 80.9119 78.71648 76.78023 75.13905 73.8163 72.79876 71.80144 70.86409 69.40826
-9999 -9999 -9999 -9999 -9999 -9999 -9999 123.2032 123.4598 123.6821 123.8695 123.9515 124.0751 124.1619 124.2109 124.2212 124.1934 124.1291 124.031 123.9238 123.7776 123.5986 123.3854 123.1391 122.8638 122.5665 122.253 121.9244 121.7675 121.4036 120.5228 119.9857 119.3817 118.72 118.018 117.3037 116.7786 116.1019 115.9194 115.3789 114.4486 113.2472 111.8247 110.1987 108.9169 106.8913 104.6659 102.2573 99.6907 96.99992 94.22604 91.41769 88.62833 85.75066 83.05972 80.54948 78.26523 76.25482 74.56378 73.20828 72.16589 70.55052 69.63347 68.81091
