public/沉降量2015-2021（地形转栅格）/cjl2020.txt
ncols         346
nrows         239
xllcorner     104.24612109509
yllcorner     31.067832478695
cellsize      0.00084765149693467
NODATA_value  -9999
[rows 84 to 111 of 239, columns 0 to 63 of 346]
-9999 -9999 -9999 -9999 -9999 -9999 -9999 186.9207 186.4971 186.1202 185.6398 185.1236 184.5757 184.0037 183.4126 182.801 182.1643 181.5031 180.8667 180.1879 179.5277 178.8859 178.2392 177.5491 176.7808 175.9223 174.994 174.0648 173.1458 172.2589 171.388 170.4751 169.4322 168.1638 166.6929 164.8284 160.0378 157.4801 154.9973 152.6582 150.4998 148.365 146.1769 145.0582 142.6035 140.0212 137.3448 134.601 131.8063 128.9705 126.1078 123.7061 120.761 117.9489 115.358 113.0806 111.2209 109.9299 108.9689 108.2479 107.4333 107.0834 106.8609 106.7362
-9999 -9999 -9999 -9999 -9999 -9999 -9999 186.9853 186.632 186.1896 185.7135 185.2007 184.6533 184.0779 183.48 182.8606 182.2564 181.5814 180.89 180.1966 179.5152 178.8493 178.1834 177.4869 176.7285 175.8524 174.9851 174.084 173.1793 172.2897 171.4056 170.4812 169.443 168.1681 166.7015 164.9435 162.8645 160.5896 158.2466 155.9358 153.7191 152.6879 148.6032 146.301 143.8074 141.1595 138.3995 135.5589 132.6554 129.6996 127.3542 124.2123 121.1204 118.165 115.4433 113.0563 111.1073 109.6998 108.4704 107.7087 107.1897 106.8524 106.6514 106.5529
-9999 -9999 -9999 -9999 -9999 -9999 -9999 187.1051 186.6929 186.2533 185.7802 185.2696 184.7219 184.1421 183.5365 182.9444 182.2836 181.6009 180.9006 180.1932 179.4913 178.8012 178.115 177.3246 176.5849 175.8008 174.9675 174.0964 173.2068 172.3115 171.4046 170.396 169.3101 168.0778 166.6505 164.9946 163.1052 161.0548 158.9317 156.8087 155.7237 153.8351 151.9403 149.8961 147.5948 145.0659 142.3566 139.5149 134.5216 131.317 128.053 124.7689 121.5331 118.4392 115.5932 113.1018 111.0581 109.4643 108.3197 107.5251 106.9944 106.6603 106.4722 106.393
-9999 -9999 -9999 -9999 -9999 -9999 -9999 -9999 187.1607 186.7498 186.3117 185.8402 184.7816 184.2429 183.6199 182.9709 182.3 181.6087 180.8993 180.1788 179.4575 178.6801 177.954 177.232 176.4997 175.7395 174.9393 174.0982 173.2235 172.3209 171.3513 170.3219 169.2026 167.9623 166.5715 165.0133 163.2966 161.4568 160.1067 158.3812 156.6523 154.913 153.1214 151.1713 148.8878 146.3451 144.8431 141.8776 138.7618 135.5282 132.1985 128.798 125.3715 118.7616 115.7899 113.3078 111.0789 109.4157 108.223 107.3977 106.8507 106.512 106.3287 106.1618
-9999 -9999 -9999 -9999 -9999 -9999 -9999 -9999 187.214 186.8033 186.3652 185.9418 185.4305 184.8766 184.2808 183.6488 182.9888 182.3071 180.8876 180.1545 179.3666 178.6114 177.8668 177.1349 176.4075 175.6679 174.8979 174.085 173.2047 172.2893 171.3008 170.2359 169.0858 167.8387 166.4834 165.0177 163.5975 162.1239 160.6023 159.0508 157.4787 155.8684 154.1651 152.2742 150.1057 148.8458 146.0975 143.0996 139.9106 136.5738 133.1202 129.5833 126.0149 123.0356 119.5321 116.3023 113.4655 111.1364 109.4186 107.3333 106.7643 106.3663 106.1648 106.0971
-9999 -9999 -9999 -9999 -9999 -9999 -9999 -9999 187.2652 186.8535 186.4595 185.9846 185.4707 184.9131 184.3114 183.6706 182.9996 182.3066 181.5782 180.8394 180.0829 179.3129 178.5398 177.7776 176.3091 175.585 174.7635 173.9953 173.1601 172.2418 171.2348 170.1419 168.968 167.7175 166.3963 165.0162 163.7296 162.4117 161.0459 159.6408 158.2021 156.7101 155.1117 154.2665 152.3137 150.0222 147.3358 144.3303 141.0811 137.6473 134.0731 131.2452 127.4061 123.6176 119.9894 116.6394 113.6876 111.26 109.5008 108.2356 107.4413 106.7894 106.3752 106.1489
-9999 -9999 -9999 -9999 -9999 -9999 -9999 -9999 187.3624 186.9459 186.5013 186.0229 185.5054 184.9434 184.3357 183.6863 183.0045 182.2892 181.5562 180.8069 180.0394 179.2561 178.4672 177.6885 176.9337 176.097 175.384 174.6677 173.9138 172.1716 171.1544 170.0443 168.8563 167.5227 166.2638 165.0285 163.8736 162.6938 161.4534 160.1616 158.8296 157.4417 156.6808 155.1228 153.3123 151.1688 148.552 145.5532 142.2558 138.7329 136.0146 132.0988 128.1411 124.2394 120.5058 117.0573 114.011 111.4967 110.0575 108.6535 107.6192 106.8984 106.4342 106.1747
-9999 -9999 -9999 -9999 -9999 -9999 -9999 -9999 187.4094 186.989 186.5403 186.0575 185.5354 184.9686 184.3547 183.7044 183.0027 182.2757 181.5315 180.7716 179.9937 179.1985 178.3955 177.5178 176.7343 175.9868 175.2686 174.555 173.8091 172.9934 172.081 171.0634 169.8676 168.697 167.4847 165.0851 164.0684 162.9986 161.8418 160.6242 159.8253 158.5993 157.3073 155.8694 154.1887 152.1634 149.6929 146.7354 144.5065 140.8451 136.9611 132.9433 128.8848 124.8914 121.0791 117.5656 114.4647 112.4617 110.5283 108.982 107.843 107.0484 106.5317 106.236
-9999 -9999 -9999 -9999 -9999 -9999 -9999 -9999 187.4559 187.0309 186.5773 186.0894 185.562 185.0081 184.3818 183.7093 182.9986 182.2611 181.506 180.7356 179.9478 179.1423 178.2631 177.4406 176.6411 175.8779 175.1483 174.4299 173.6862 172.8779 171.8598 170.874 169.8034 168.6742 167.5168 166.3614 165.2551 164.3684 163.7001 162.5458 161.3661 159.0273 157.8257 156.505 154.9598 153.0839 150.769 148.8288 145.5127 141.8132 137.8563 133.7543 129.6149 125.5521 121.686 118.7055 115.5565 112.9307 110.8663 109.2533 108.0589 107.2145 106.6552 106.4388
-9999 -9999 -9999 -9999 -9999 -9999 -9999 -9999 187.5024 187.0722 186.6132 186.1195 185.6092 185.025 184.3927 183.7133 182.9944 182.2473 181.4816 180.7011 179.8644 179.0417 178.2062 177.3715 176.5561 175.7746 175.0284 174.2988 173.4139 172.6141 171.74 170.782 169.7535 168.6848 167.6122 166.5751 165.6193 164.9565 163.9051 162.7697 161.6104 160.4699 159.3588 158.2389 157.0246 156.123 154.476 149.7057 146.4226 142.6909 138.6742 134.5064 130.3064 126.7947 122.8588 119.2409 116.0345 113.3135 111.1235 109.4864 108.2713 107.3953 106.9677 106.5708
-9999 -9999 -9999 -9999 -9999 -9999 -9999 -9999 -9999 187.5497 187.1558 186.1782 185.6322 185.0418 184.4036 183.7181 182.9919 182.2359 181.444 180.6446 179.8308 179.0011 178.158 177.3125 176.4818 175.6809 174.9144 174.0464 173.2794 172.4791 171.6186 170.6888 169.7038 168.6942 167.6957 166.8142 165.922 165.0081 163.994 162.898 161.7722 160.668 159.6068 158.8021 157.7612 156.5451 155.0149 153.0417 150.5087 147.2168 143.4489 139.388 131.5064 127.3523 123.4021 119.7564 116.498 113.6925 111.4035 109.7568 108.8255 107.8413 107.1496 106.7123
-9999 -9999 -9999 -9999 -9999 -9999 -9999 -9999 -9999 187.6485 187.1996 186.7217 186.2088 185.6563 185.0598 184.4161 183.7251 182.2271 181.4343 180.6264 179.8049 178.969 178.1197 177.2653 176.4205 175.5356 174.7248 173.9375 173.1548 172.3495 171.498 170.5916 169.6429 168.6797 167.7206 166.8249 165.9352 165.0139 164.0292 162.9709 161.8799 160.81 159.9329 158.9849 158.0008 156.8577 155.4129 153.5276 151.0586 147.8029 144.4709 140.436 136.2397 132.0134 127.874 123.929 120.2749 116.9914 111.8027 110.5937 109.153 108.074 107.3216 106.8462
-9999 -9999 -9999 -9999 -9999 -9999 -9999 -9999 -9999 187.7012 187.2458 186.7612 186.2416 185.6826 185.0804 184.4512 183.7515 183.0094 182.2331 181.4332 180.6174 179.7888 178.9471 177.2309 176.3429 175.4883 174.656 173.8461 173.045 172.2305 171.382 170.4914 169.4869 168.5767 167.6803 166.8003 165.9202 165.0096 164.0497 163.0229 162.0404 161.02 160.0504 159.1231 158.1677 157.0626 155.6623 153.8192 151.3838 148.4178 144.772 140.8002 136.6584 132.4778 128.3725 124.4483 120.8014 118.0193 115.1475 112.7646 110.8829 109.3703 108.2385 107.4507
-9999 -9999 -9999 -9999 -9999 -9999 -9999 -9999 -9999 187.7568 187.2949 186.8038 186.2777 185.7125 185.1341 184.4765 183.7736 183.0283 182.2478 181.4419 180.6192 179.784 178.9396 178.0765 177.2039 176.3281 175.4593 174.6072 172.9539 172.1265 171.1829 170.302 169.4048 168.5077 167.6259 166.7605 165.8962 165.006 164.0715 163.1337 162.1263 161.1223 160.1594 159.2335 158.2799 157.1811 155.7914 154.0146 151.6257 148.5586 144.9956 141.1071 137.0404 132.9215 128.8605 125.4638 121.8062 118.4669 115.5257 113.041 111.0337 109.4752 108.3225 107.5256
-9999 -9999 -9999 -9999 -9999 -9999 -9999 -9999 -9999 187.8156 187.3476 186.8503 186.3635 185.7871 185.1696 184.5086 183.8032 183.0557 182.2723 181.4619 180.6605 179.8138 178.9568 178.0896 177.2127 176.3297 175.4487 174.5791 173.7257 172.8374 171.978 171.109 170.2245 169.3301 167.5682 166.7163 165.8702 165.0051 164.1316 163.2038 162.2256 161.2362 160.2724 159.3334 158.3611 157.2876 155.8616 154.0258 151.6607 148.663 145.1922 141.3992 137.4184 133.3672 129.85 125.9632 122.2697 118.8622 115.825 113.2246 111.1063 109.5068 108.3331 107.5532
-9999 -9999 -9999 -9999 -9999 -9999 -9999 -9999 -9999 187.8781 187.4656 186.9574 186.4147 185.8338 185.2122 184.5483 183.8412 183.0926 182.3075 181.5386 180.7019 179.8507 178.9891 178.1179 177.2369 176.3477 175.4564 174.5838 173.6941 172.8139 171.9376 171.0561 170.1646 169.2681 168.38 167.4661 166.632 165.8195 165.0063 164.1659 162.3397 161.3663 160.3991 159.4395 158.5297 157.343 155.8864 154.0398 151.6992 148.7772 145.4063 141.7147 138.2707 134.3352 130.3684 126.4621 122.713 119.2193 116.074 113.3581 111.1425 109.4822 108.3052 107.5367
-9999 -9999 -9999 -9999 -9999 -9999 -9999 -9999 -9999 188.0155 187.532 187.0193 186.4723 185.8876 185.2629 184.5968 183.8886 183.1976 182.4124 181.5966 180.7579 179.9033 179.0377 178.1624 177.2772 176.3824 175.5257 174.6159 173.711 172.8138 171.9209 171.0256 170.1244 169.2218 168.2947 167.4261 166.5944 165.7939 165.0061 164.2125 163.3725 162.4649 161.6781 160.7197 159.7267 158.6609 155.9527 154.0942 151.7783 148.9413 145.6754 142.525 138.7745 134.8717 130.9038 126.9607 123.1414 119.5511 116.2946 113.5698 111.1871 109.4619 108.2739 107.5149
-9999 -9999 -9999 -9999 -9999 -9999 -9999 -9999 -9999 -9999 187.6034 187.087 186.5368 185.9493 185.3223 184.6548 184.0145 183.267 182.483 181.668 180.8286 179.9719 179.1028 178.2235 177.4072 176.5019 175.5869 174.6672 173.7492 172.8366 171.9278 171.0182 170.1064 169.1814 168.2721 167.3951 166.5614 165.77 165.0071 164.2566 163.4622 162.7423 161.8608 160.922 159.9277 158.8448 157.5986 156.0904 154.2245 152.2063 149.5678 143.0415 139.3256 135.4322 131.4448 127.4515 123.5536 120.1552 116.688 113.6651 111.2099 109.4451 108.245 107.4936
-9999 -9999 -9999 -9999 -9999 -9999 -9999 -9999 -9999 -9999 188.1703 187.6802 187.1611 186.6085 186.0972 185.4687 184.0937 183.3479 182.566 181.7528 180.9142 180.0564 179.2827 178.3962 177.4977 176.5872 175.6659 174.7377 173.8085 172.882 171.9582 171.0724 170.1296 169.1889 168.2643 167.3741 166.5337 165.7476 165.0073 164.3389 163.6462 162.8946 162.0616 161.1529 160.1709 159.0866 157.8332 156.6458 154.8253 152.6273 150.0869 147.0446 143.6102 139.896 135.9901 131.9697 128.3437 120.4169 116.8583 113.7519 111.2326 109.4318 108.2201 107.4751
-9999 -9999 -9999 -9999 -9999 -9999 -9999 -9999 -9999 -9999 188.2545 187.7625 187.3283 186.7738 186.1837 185.5558 184.8892 184.1837 183.4404 182.6614 181.8509 181.1281 179.3971 178.5079 177.6053 176.69 175.763 174.8277 173.8889 173.0415 172.0903 171.1354 170.1759 169.2171 168.2733 167.3651 166.5122 165.7077 165.0047 164.3795 163.743 163.0607 162.2788 161.407 160.4483 159.3781 158.4806 157.0296 155.2782 153.1831 150.708 147.6329 144.1717 140.4377 136.949 132.8599 128.705 124.5877 120.6379 117.001 113.824 111.2511 109.4083 107.4523
-9999 -9999 -9999 -9999 -9999 -9999 -9999 -9999 -9999 -9999 188.343 187.9429 187.4212 186.8673 186.2783 185.652 184.9875 184.2846 183.5443 182.8884 182.0858 181.2554 180.4013 179.5272 178.6362 177.7303 176.8109 175.0683 174.1148 173.1564 172.1935 171.2243 170.248 169.2696 168.3036 167.3722 166.506 165.696 165.0014 164.4315 163.8685 163.2389 162.5053 161.6719 161.028 160.003 158.8121 157.394 155.6879 153.641 151.1774 148.1059 144.6395 141.2442 137.2926 133.1831 128.9906 124.8207 120.8085 117.1078 113.8747 111.2604 109.3976 108.1761
-9999 -9999 -9999 -9999 -9999 -9999 -9999 -9999 -9999 -9999 188.5325 188.0408 187.5202 186.9677 186.3807 185.7569 185.0954 184.3959 183.7854 183.019 182.2213 181.3953 180.5446 179.672 178.7806 177.8727 177.1075 176.1694 175.2198 174.2614 173.2959 172.3232 171.3415 169.3518 168.4608 167.4772 166.5495 165.7122 165.0108 164.5147 164.0147 163.4296 162.7343 162.1738 161.2841 160.2708 159.091 157.6854 155.9916 153.9484 151.4735 148.6168 145.2024 141.489 137.5421 133.4198 129.1981 124.9854 120.9231 117.1954 113.8977 111.2504 109.3941 108.1884
-9999 -9999 -9999 -9999 -9999 -9999 -9999 -9999 -9999 -9999 188.6329 188.1432 187.6246 187.0745 186.4904 185.8702 185.338 184.6477 183.9211 183.1602 182.3678 181.5469 180.7005 179.8308 179.1148 178.2076 177.2831 176.3439 175.3923 174.4306 173.4601 172.4804 171.4892 170.657 169.6327 168.6086 167.6078 166.6609 165.8033 164.6741 164.2028 163.8352 163.1617 162.3832 161.4962 160.4825 159.3002 157.8898 156.1866 154.2248 151.7249 148.7344 145.3546 141.6632 137.7207 133.5856 129.3361 125.0855 120.9916 117.1794 113.8734 111.2375 109.4091 108.2351
-9999 -9999 -9999 -9999 -9999 -9999 -9999 -9999 -9999 -9999 188.7363 188.2497 187.7341 187.1873 186.7296 186.1187 185.4712 184.7867 184.066 183.3111 182.5246 181.7094 180.868 180.1859 179.3026 178.3985 177.4757 176.5371 175.585 174.6219 173.649 172.8774 171.88 170.8666 169.8388 168.8094 167.8036 166.8588 166.0243 165.5473 165.0049 164.5378 163.9944 163.3343 161.6632 160.64 159.4465 158.0231 156.388 154.2986 151.7981 148.8409 145.4921 141.8138 137.8644 133.7058 129.4762 125.1392 120.9633 117.1341 113.8353 111.2324 109.4594 108.3367
-9999 -9999 -9999 -9999 -9999 -9999 -9999 -9999 -9999 -9999 188.8426 188.3599 187.8481 187.4283 186.8577 186.2524 185.6111 184.9332 184.2192 183.4709 182.6908 182.0631 181.234 180.3801 179.5027 178.6034 177.6842 176.7478 175.7969 175.0655 174.0948 173.1139 172.1203 171.1107 170.0854 169.0561 168.0477 167.0975 166.4892 165.7224 165.0814 164.6809 164.1549 163.4916 162.7028 161.7957 160.8588 159.647 158.2136 156.4877 151.9168 149.0014 145.6753 141.9907 138.1959 133.9236 129.5205 125.1242 120.9092 117.0693 113.7936 111.2482 109.5657 108.7944
-9999 -9999 -9999 -9999 -9999 -9999 -9999 -9999 -9999 -9999 -9999 189.0618 188.5891 188.0876 187.5553 186.3916 185.757 185.0863 184.3796 183.813 183.0473 182.2522 181.4304 180.5838 179.7136 178.8207 177.9069 176.9743 176.2706 175.3135 174.347 173.3718 172.3857 171.3843 170.3661 169.3402 168.6438 167.6736 166.781 166.0027 165.3765 164.9328 164.3381 163.6427 162.8333 162.0155 160.9592 159.7532 158.3387 156.6414 154.5904 152.137 149.2765 146.3591 142.5635 138.4325 129.5701 125.0994 120.8383 116.9917 113.7554 111.3794 110.0202 109.1747
-9999 -9999 -9999 -9999 -9999 -9999 -9999 -9999 -9999 -9999 -9999 189.1739 188.7072 188.2118 187.6858 187.1274 186.5352 185.9081 185.4086 184.7182 183.9932 182.4483 181.6344 180.796 179.9341 179.0491 178.388 177.4673 176.5283 175.5758 174.615 173.6476 172.6715 171.6817 170.6742 169.9913 168.9817 168.003 167.0914 166.2783 165.5854 165.0066 164.4508 163.9213 163.0795 162.126 161.0694 159.8824 158.5067 156.8664 154.8843 153.0023 150.2782 146.8533 142.9579 138.7183 134.237 129.6348 125.0721 120.7523 116.7641 113.6444 110.3649 109.6169
-9999 -9999 -9999 -9999 -9999 -9999 -9999 -9999 -9999 -9999 -9999 189.287 188.8269 188.3381 187.8189 187.2676 186.8335 186.2222 185.576 184.8944 184.1782 183.429 182.6502 181.8449 181.0155 180.3986 178.643 177.73 176.7972 175.8503 174.896 173.9374 172.9729 172.3224 171.3416 170.3409 169.3332 168.3459 167.4122 166.558 165.7921 165.4349 164.891 164.1014 163.2065 162.2359 161.1869 160.0299 158.7077 157.1457 155.6358 153.4534 150.7616 147.3224 143.3694 139.0398 134.4463 129.7225 125.0294 120.5033 116.5537 113.462 111.4577 110.6802
