public/沉降量2015-2021（地形转栅格）/cjl2017.txt
ncols         346
nrows         239
xllcorner     104.24612109509
yllcorner     31.067832478695
cellsize      0.00084765149693467
NODATA_value  -9999
[rows 84 to 111 of 239, columns 256 to 319 of 346]
128.8389 132.411 135.735 138.8293 141.6977 144.2835 147.5697 149.5869 151.4183 153.0597 154.5225 155.8266 156.9948 158.0493 159.5439 160.3996 161.1906 161.9272 162.6174 163.2681 163.8843 164.4706 165.3652 165.8854 166.3857 166.8679 167.3336 167.784 168.2201 168.6429 169.452 170.0405 170.4096 170.7696 171.1212 171.4649 171.8013 172.131 172.4543 172.9135 173.2216 173.5253 173.8249 174.1208 174.4134 174.7029 174.9896 175.2738 175.6649 175.9428 176.219 176.4934 176.7664 177.0379 177.3082 177.5774 177.9401 178.2066 178.4723 178.737 179.0009 179.2639 179.5262 179.7877
131.3545 134.7342 137.7627 140.516 144.2611 146.4274 148.5073 150.437 152.193 153.7727 155.1863 156.4509 158.1766 159.1641 160.0637 160.8893 161.6527 162.3637 163.0303 163.6591 164.2551 165.1566 165.6828 166.188 166.6742 167.1432 167.5963 168.035 168.46 169.0906 169.4815 169.8618 170.2321 170.5933 170.9459 171.2905 171.9581 172.2822 172.7401 173.0486 173.3526 173.6525 173.9487 174.2416 174.5314 174.8184 175.2106 175.4908 175.7688 176.0452 176.3199 176.5929 176.8646 177.1349 177.4043 177.7627 178.0293 178.295 178.56 178.8242 179.0876 179.3501 179.612 179.9532
134.0442 137.1746 142.0005 143.8812 145.5764 147.5895 149.5458 151.364 153.0239 154.5242 155.8733 157.7246 158.7627 159.7058 160.5675 161.3601 162.0944 162.7794 163.4225 164.3823 164.9405 165.4736 165.9844 166.4754 166.9484 167.405 167.8464 168.2739 168.9057 169.2985 169.6805 170.0524 170.4147 170.7683 171.1139 171.4519 171.9311 172.2504 172.5643 172.8732 173.1775 173.774 174.067 174.3568 174.6439 175.0332 175.3133 175.5914 175.8677 176.1424 176.4156 176.6873 176.9578 177.3139 177.5811 177.8475 178.1133 178.3782 178.6425 178.906 179.1688 179.4309 179.7673 180.0277
133.4177 139.798 142.381 144.2484 145.8425 149.0394 150.7498 152.3889 153.9139 156.1122 157.2867 158.3596 159.3383 160.2326 161.0535 161.8116 162.5161 163.175 164.1493 164.7167 165.2575 165.7747 166.2711 166.7486 167.209 167.6539 168.3105 168.7174 169.1124 169.4963 169.8699 170.2337 170.5885 170.9351 171.2739 171.7523 172.0722 172.3865 172.6956 173.0001 173.3004 173.5968 173.8899 174.287 174.5713 174.8532 175.133 175.6871 175.9617 176.2348 176.5064 176.7768 177.1291 177.396 177.662 177.9275 178.1923 178.4564 178.7198 178.9827 179.3159 179.5768 179.8371 180.097
139.5065 142.4916 144.7001 146.3603 147.7698 149.1187 150.5487 152.0182 154.5159 155.7431 156.9028 158.9792 159.8962 160.7403 161.5196 162.2428 163.2998 163.9089 164.4858 165.0346 165.5588 166.061 166.5436 167.0084 167.6929 168.1159 168.5257 168.9231 169.3091 169.6846 170.0501 170.4063 170.7539 171.2449 171.5715 171.8919 172.2066 172.516 172.8207 173.1211 173.4176 173.8188 174.1054 174.3893 174.6709 174.9503 175.2279 175.5037 175.778 176.0508 176.4051 176.6736 176.9411 177.4733 177.7382 178.0027 178.2665 178.5297 178.86 179.1212 179.382 179.6422 179.902 180.1613
142.1523 144.7029 146.6755 148.2026 149.4968 150.7196 153.2303 154.3676 155.5 156.6033 157.6569 158.6483 159.5725 160.43 161.6844 162.3855 163.0432 164.2488 164.8058 165.337 165.8454 166.3334 166.8029 167.491 167.9175 168.3303 168.7306 169.1189 169.4964 169.8637 170.2215 170.7268 171.0613 171.3887 171.7098 172.0249 172.3346 172.6394 172.9398 173.2364 173.6356 173.9219 174.2056 174.4868 174.7657 175.0428 175.3181 175.5919 175.9461 176.2153 176.4834 176.7504 177.0165 177.2816 177.5461 177.8099 178.0732 178.401 178.6623 179.1836 179.4435 179.703 179.9621 180.2209
144.1464 146.5183 148.3257 149.7533 152.1869 153.2651 154.314 155.3557 156.3867 157.3922 158.3575 159.2723 160.1315 161.4075 162.1169 162.7838 163.4124 164.0071 164.5718 165.11 165.6247 166.3782 167.2852 167.7153 168.1315 168.5346 168.9256 169.3054 169.6746 170.0342 170.54 170.8756 171.204 171.5257 171.8414 172.1516 172.4565 172.757 173.1618 173.451 173.737 174.0203 174.301 174.5795 174.856 175.1308 175.4039 175.7551 176.0236 176.2911 176.5574 176.8229 177.0875 177.3513 177.6145 177.94 178.201 178.4616 178.7219 178.9818 179.2414 179.5005 179.7592 180.0176
145.6649 147.9254 149.6451 152.0321 153.1795 154.2274 155.2296 156.2092 157.1689 158.1013 158.9969 160.376 161.1337 161.8486 162.5227 163.1592 163.7616 164.3337 164.8786 165.3995 166.1597 166.626 167.0755 167.5095 167.9291 168.3354 168.7291 169.1114 170.006 170.3511 170.688 171.0174 171.34 171.6563 171.9668 172.2722 172.5728 172.9761 173.265 173.5508 173.8336 174.114 174.3919 174.6678 174.9419 175.2938 175.5627 175.8304 176.0971 176.3627 176.6274 176.8913 177.1543 177.4168 177.7388 177.9988 178.2586 178.5181 178.7773 179.0363 179.2949 179.5531 179.8586 180.1155
146.8817 149.967 151.5563 152.8634 153.9956 155.0272 156.0026 156.943 157.854 158.7331 160.0977 160.8584 161.5784 162.2592 162.903 163.5128 164.0919 164.6435 165.4476 165.9373 166.4083 166.8622 167.3002 167.7234 168.1329 168.5297 169.0915 169.4573 169.8132 170.16 170.4984 170.8291 171.1526 171.4696 172.0864 172.4971 172.7894 173.0781 173.3636 173.6461 173.9258 174.2033 174.4785 174.832 175.1013 175.3693 175.6361 175.9019 176.1667 176.4305 176.6935 176.9558 177.2766 177.5361 177.7951 178.0538 178.3123 178.5706 178.8287 179.0865 179.3896 179.646 179.9021 180.1581
148.9232 150.787 152.298 153.5694 154.6861 155.7062 156.6647 157.5793 158.9938 159.8038 160.5726 161.3009 161.9899 162.6418 163.2595 163.846 164.7001 165.2163 165.7113 166.1872 166.6454 167.0874 167.5145 167.9275 168.3274 168.8921 169.2603 169.6184 169.9671 170.3071 170.6391 170.9637 171.2816 171.7116 172.013 172.3096 172.602 172.8905 173.1756 173.4576 174.0138 174.2885 174.6398 174.9083 175.1754 175.4412 175.706 175.9697 176.2326 176.4946 176.8148 177.0738 177.3323 177.5903 177.8479 178.1052 178.3623 178.6192 178.8762 179.1759 179.4314 179.6867 179.9418 180.1969
147.7017 149.8221 151.5396 152.9684 155.2955 156.303 157.7767 158.6532 159.4825 160.2671 161.0089 161.7099 162.3725 162.9996 163.5945 164.4576 164.9805 165.4813 165.9623 166.4252 166.8714 167.3023 167.7189 168.3083 168.6903 169.0612 169.4216 169.7724 170.1142 170.4477 170.7735 171.0925 171.5229 171.8248 172.1216 172.414 172.7024 172.9872 173.2688 173.5476 173.907 174.1781 174.4474 174.715 174.9811 175.5095 175.7722 176.034 176.295 176.6125 176.8704 177.1278 177.3846 177.6411 177.8972 178.1531 178.4088 178.7064 178.9609 179.2153 179.4696 179.7238 179.978 180.2321
148.751 150.6658 152.2495 153.5985 154.7844 156.3913 157.3617 158.2716 159.1282 160.6969 161.4143 162.0911 162.7304 163.6525 164.2089 164.7393 165.2467 165.7334 166.2013 166.6521 167.0871 167.5075 168.101 168.4861 168.8599 169.2229 169.5759 169.9197 170.2549 170.5822 171.0253 171.3334 171.6359 171.9332 172.2257 172.514 172.7986 173.0798 173.3581 173.7163 173.9866 174.255 174.5216 174.7868 175.0506 175.3131 175.5746 175.8952 176.1531 176.4102 176.6668 177.1785 177.4337 177.6886 177.9432 178.1976 178.4921 178.7451 178.9982 179.2514 179.5046 179.7576 180.0107 180.2638
149.7288 151.4659 152.9315 154.8002 155.8968 156.9099 157.8557 158.7433 159.5778 160.3625 161.1005 162.1546 162.7875 163.3855 163.9525 165.0068 165.4999 165.9734 166.4292 166.8687 167.49 167.891 168.2795 168.6563 169.0221 169.3777 169.7236 170.0606 170.5187 170.8344 171.1435 171.4466 171.7444 172.0372 172.3256 172.61 172.8909 173.2541 173.526 173.7956 174.0631 174.3288 174.5929 174.8555 175.117 175.4386 175.6959 175.9524 176.2082 176.4635 176.7181 176.9724 177.2263 177.48 177.7748 178.0263 178.2777 178.7808 179.0326 179.2844 179.5363 179.7881 180.0664 180.3174
150.6414 152.9563 154.2333 155.3816 156.4358 157.4164 158.3348 159.1973 160.0074 160.7682 161.8463 162.4959 163.1083 163.6874 164.2371 164.7607 165.2613 165.7411 166.4211 166.8548 167.2736 168.0706 168.4507 168.8194 169.1776 169.526 169.8652 170.3257 170.6427 170.953 171.257 171.5553 171.8486 172.1372 172.4217 172.7912 173.0652 173.3364 173.6052 173.8719 174.1367 174.3997 174.6613 174.9215 175.2415 175.4973 175.7524 176.0069 176.2607 176.514 176.7668 177.0192 177.3137 177.5638 177.8138 178.0637 178.3135 178.5635 178.8136 179.064 179.3144 179.5909 180.0898 180.3396
152.2998 153.6512 154.8533 155.9484 156.9624 157.9102 158.7997 159.6351 160.8136 161.5247 162.1922 162.8204 163.4131 163.9744 164.5079 165.0168 165.5038 166.1913 166.6303 167.054 167.4633 167.8593 168.2429 168.6149 168.976 169.4706 170.1319 170.4506 170.7621 171.0672 171.3663 171.6601 171.949 172.2335 172.6034 172.877 173.1476 173.4157 173.6816 173.9454 174.2075 174.4679 174.7901 175.0455 175.2999 175.5535 175.8064 176.0587 176.3106 176.562 176.8129 177.1052 177.3536 177.6019 177.8502 178.0984 178.3467 178.5951 178.8437 179.1185 179.3661 179.6141 179.8621 180.1104
153.0564 154.3137 155.4502 156.4973 157.4733 158.3886 159.2484 160.4585 161.19 161.8764 162.5215 163.129 163.703 164.2475 164.7658 165.4943 165.957 166.402 166.8309 167.245 167.6454 168.033 168.4084 168.7728 169.2715 169.6089 169.9375 170.258 170.5711 170.8773 171.1774 171.4718 172.1396 172.4164 172.6897 172.9599 173.2273 173.4924 173.7553 174.0163 174.2757 174.5968 174.8509 175.1039 175.3561 175.6074 175.8582 176.1084 176.3582 176.6509 176.8979 177.1447 177.3912 177.6377 177.8842 178.1307 178.3773 178.6241 178.8962 179.142 179.3882 179.6346 179.8813 180.1282
153.7688 154.9438 156.0221 157.0251 157.9652 159.2884 160.0898 160.8421 161.5481 162.211 162.8345 163.4225 163.9791 164.7566 165.2475 165.7178 166.1695 166.6044 167.0237 167.4288 167.8206 168.2 168.7216 169.0715 169.4116 169.7425 170.065 170.3799 170.6876 170.9887 171.3872 171.6728 171.9537 172.2305 172.5035 172.7733 173.0403 173.3045 173.8266 174.1513 174.4053 174.6581 174.9097 175.1604 175.4102 175.6593 175.9078 176.2014 176.4471 176.6923 176.9373 177.1821 177.4267 177.6713 177.9159 178.1606 178.4315 178.675 178.9189 179.163 179.4077 179.6526 179.8978 180.1434
153.2332 154.4376 156.5676 158.0116 158.8847 159.7074 160.4808 161.2069 161.8885 162.529 163.1322 163.7021 164.4941 164.9947 165.4734 165.9324 166.3738 166.799 167.2093 167.6058 168.1526 168.5169 168.8702 169.2133 169.5469 169.8717 170.1885 170.4978 170.8003 171.2012 171.4874 171.7688 172.0457 172.3187 172.5882 172.8545 173.1182 173.4523 173.7085 173.9629 174.2157 174.4671 174.7173 174.9665 175.4624 175.7092 176.0014 176.2451 176.4885 176.7316 176.9745 177.2174 177.4601 177.7028 177.9731 178.2141 178.4554 178.6972 178.9393 179.1819 179.4249 179.6683 179.9121 180.1667
153.942 155.0624 156.6377 157.5787 158.4699 159.3122 160.1061 160.8526 162.2121 162.8316 163.687 164.2243 164.7354 165.2233 165.6906 166.1391 166.5707 166.9867 167.3884 167.9422 168.3106 168.6676 169.0141 169.3506 169.6781 169.997 170.3083 170.7236 171.0163 171.3032 171.5851 171.8624 172.1353 172.4047 172.6707 172.9336 173.2682 173.5234 173.7767 174.0282 174.2783 174.5272 174.7749 175.0216 175.3184 175.5613 175.8036 176.0454 176.2869 176.7691 177.01 177.2508 177.4915 177.7598 177.9987 178.2379 178.4774 178.7173 178.9577 179.1986 179.4399 179.6931 179.9338 180.175
155.1763 156.1837 157.1386 158.0458 158.9061 159.7194 160.4859 161.2066 161.8838 162.8153 163.3967 163.947 164.4696 165.4437 165.9002 166.3387 166.761 167.3445 167.73 168.1028 168.4639 168.814 169.1539 169.4841 169.8056 170.1189 170.5382 170.8322 171.1202 171.4028 171.6804 171.9536 172.2229 172.4886 172.8298 173.0863 173.3405 173.5927 173.8431 174.0919 174.3394 174.5856 174.8307 175.1268 175.3678 175.6083 175.8483 176.0878 176.327 176.566 176.8048 177.0755 177.3121 177.5488 177.7855 178.2597 178.4973 178.7354 178.974 179.2132 179.4639 179.7025 179.9415 180.1811
155.7126 156.6864 157.6109 158.4892 159.3215 160.1077 160.8483 161.8679 162.5013 163.0983 163.6624 164.1974 164.7062 165.1919 165.6568 166.3001 166.7202 167.1251 167.5159 168.2591 168.6131 168.9565 169.29 169.6141 170.0511 170.3535 170.6491 170.9382 171.2217 171.4999 171.7735 172.0429 172.3921 172.6508 172.9068 173.1601 173.4112 173.6605 173.9081 174.1541 174.3988 174.6978 174.9379 175.1772 175.4157 175.6537 175.8913 176.1286 176.3655 176.6369 176.8714 177.1058 177.3402 177.5748 177.8095 178.0444 178.2797 178.5154 178.7661 179.001 179.2366 179.7098 179.9471 180.1851
156.2071 157.1573 158.0577 158.911 159.7178 160.8336 161.5266 162.1781 162.7916 163.3706 163.9187 164.4392 164.9353 165.4094 166.0651 166.4921 166.9034 167.3 167.6831 168.0533 168.4116 168.7588 169.2316 169.5526 169.8651 170.4669 170.7575 171.042 171.321 171.5951 171.8647 172.2158 172.4742 172.7296 172.9822 173.2324 173.4805 173.7268 173.9715 174.274 174.5135 174.7518 174.9893 175.226 175.4621 175.6977 175.9328 176.1677 176.4377 176.67 176.9022 177.1345 177.3668 177.5992 177.8318 178.0647 178.3145 178.5463 178.7787 179.0119 179.2456 179.48 179.7151 179.9509
156.67 157.6023 158.4824 159.3133 160.4593 161.1739 161.8452 162.4764 163.0714 163.6336 164.1667 164.6738 165.3744 165.827 166.2616 166.6796 167.0824 167.471 167.8463 168.2093 168.5606 169.0404 169.3647 169.6798 169.9867 170.2859 170.578 170.8638 171.1438 171.514 172.0417 172.2999 172.5548 172.8067 173.0561 173.3032 173.5483 173.7917 174.0943 174.3321 174.5688 174.8046 175.0394 175.2735 175.5071 175.7402 176.0117 176.2418 176.4717 176.7016 176.9315 177.1615 177.3916 177.6219 177.8524 178.1003 178.3295 178.5593 178.7897 179.0209 179.2528 179.4854 179.7186 179.9525
157.1106 158.0272 159.2793 160.0683 160.8077 161.501 162.1519 162.7641 163.3417 163.8882 164.4073 165.1241 165.5857 166.0284 166.4537 166.863 167.2575 167.6384 168.0062 168.5117 168.8495 169.1771 169.4952 169.8047 170.106 170.4 170.6871 170.9682 171.3418 171.608 171.87 172.128 172.3825 172.6339 172.8826 173.1287 173.6802 173.9178 174.1539 174.3889 174.6229 174.856 175.0882 175.3198 175.5508 175.8213 176.0491 176.2768 176.5043 176.7318 176.9594 177.1872 177.415 177.6628 177.889 178.1157 178.3429 178.5706 178.799 179.0283 179.2582 179.4889 179.7202 179.9505
157.9526 158.8345 159.6569 160.425 161.1433 161.8161 162.4476 163.0421 163.6035 164.3761 164.8697 165.341 165.7924 166.2254 166.6418 167.0427 167.4292 167.9633 168.3167 168.6586 168.9899 169.3113 169.6234 169.9272 170.2232 170.512 170.8999 171.1717 171.4385 171.7006 171.9585 172.2128 172.4638 172.7117 173.0305 173.2703 173.5082 173.7443 173.979 174.2123 174.4445 174.6758 175.1357 175.4084 175.6344 175.8599 176.0852 176.3103 176.5354 176.7606 176.9859 177.2341 177.4573 177.681 177.905 178.1295 178.3546 178.5803 178.8068 179.034 179.2639 179.4907 179.7184 179.9467
157.433 158.3613 159.2223 160.0233 160.7701 161.4675 162.7337 163.5732 164.1052 164.6107 165.0927 165.5534 165.9948 166.4186 166.8263 167.219 167.7631 168.1214 168.4678 168.803 169.1279 169.4431 169.7495 170.0476 170.4518 170.7307 171.0036 171.2711 171.5336 171.7917 172.0458 172.2964 172.5438 172.8639 173.1028 173.3394 173.5742 173.8073 174.0391 174.2695 174.499 174.7779 175.0029 175.2271 175.4509 175.6743 175.8972 176.3426 176.5653 176.7881 177.0346 177.2553 177.4763 177.6977 177.9195 178.1418 178.3648 178.5884 178.8172 179.0403 179.2643 179.4891 179.7147 179.9413
157.8586 158.7634 159.6014 160.3798 161.1047 161.7816 162.7021 163.2812 163.8282 164.3468 164.8402 165.311 166.1934 166.6082 167.1854 167.5622 167.9257 168.2768 168.6163 168.945 169.2635 169.5728 169.8735 170.2829 170.5634 170.8375 171.1058 171.3689 171.6273 171.8815 172.1318 172.4599 172.7004 172.9383 173.1739 173.4073 173.639 173.8692 174.0979 174.3256 174.6042 174.8272 175.0494 175.271 175.4921 175.7128 175.9331 176.1533 176.403 176.6208 176.8387 177.0568 177.2751 177.713 177.9326 178.1528 178.3736 178.6 178.8201 179.0411 179.263 179.4857 179.7095 179.9341
158.28 159.1588 159.9721 160.7271 161.7468 162.3836 162.9814 163.5445 164.0773 164.583 165.0648 165.525 165.9656 166.5798 166.9776 167.3604 167.7296 168.4296 168.7623 169.0846 169.3971 169.826 170.1156 170.3978 170.6733 170.9427 171.2065 171.4654 171.7197 171.97 172.3 172.5398 172.7769 173.0114 173.2438 173.4741 173.7027 173.9298 174.2122 174.4341 174.6551 174.8752 175.0947 175.3136 175.5319 175.75 175.9677 176.216 176.4312 176.6464 176.8618 177.0775 177.2935 177.5099 177.7267 177.9541 178.1698 178.3862 178.6034 179.0403 179.26 179.4808 179.7025 179.9252
