public/沉降量2015-2021（地形转栅格）/cjl2015.txt
ncols         346
nrows         239
xllcorner     104.24612109509
yllcorner     31.067832478687
cellsize      0.0008476514969488
NODATA_value  -9999
[rows 140 to 167 of 239, columns 64 to 127 of 346]
44.2812 43.013 41.4109 39.50545 35.42437 33.59544 32.14408 30.99385 30.21156 29.72205 29.46254 29.37733 29.41455 29.52675 29.69119 29.83615 29.95049 30.01171 29.99984 29.89159 29.71654 29.49771 29.25393 29 28.77225 28.5335 28.26907 27.97462 27.64943 27.2984 26.92373 26.64315 26.23606 25.8146 25.38291 24.94545 24.50677 24.07127 23.64289 23.22484 22.95367 22.55721 22.17663 21.81465 21.47346 20.85788 20.58361 20.33113 20.11376 19.88873 19.68481 19.50198 19.34066 19.20206 19.08793 18.99988 18.92636 18.84642 18.75783 18.65761 18.54047 18.39859 18.22217 17.9985
44.54516 43.30801 41.79989 39.90318 38.11508 35.92245 33.88822 32.18493 30.99361 30.19502 29.44705 29.37164 29.41994 29.57712 29.72722 29.86633 29.97076 30.02109 29.99978 29.88317 29.70237 29.46792 29.22938 28.99933 28.80942 28.59675 28.34678 28.06131 27.74426 27.40015 27.12831 26.74596 26.34612 25.93207 25.50756 25.07656 24.643 24.2107 23.90827 23.48625 23.07222 22.66916 22.28024 21.90844 21.55618 21.22498 20.96358 20.66165 20.38006 20.1194 19.88087 19.47582 19.31229 19.17767 19.07469 18.99901 18.91621 18.82712 18.7314 18.62569 18.50544 18.36506 18.19859 17.9991
44.83369 43.68537 42.23866 40.5713 38.3686 36.12362 34.02001 32.24863 31.03135 30.21888 29.71858 29.52764 29.45671 29.51458 29.64015 29.78398 29.99961 30.03391 29.99977 29.87425 29.68377 29.46927 29.23731 29.00822 28.8737 28.67546 28.42747 28.14334 27.90015 27.56552 27.2097 26.83457 26.44238 26.03597 25.61862 25.19383 24.87476 24.44769 24.02056 23.59621 23.17773 22.76842 22.37177 21.99097 21.62849 21.3389 21.00404 20.6882 20.39193 20.11673 19.86505 19.63974 19.44322 19.23782 19.10378 19.00109 18.88469 18.79873 18.70123 18.59273 18.47101 18.33267 18.16164 18.00293
45.06567 44.11963 42.68485 40.76148 38.57789 36.32845 34.19591 32.3812 31.14991 30.31414 29.93092 29.64158 29.56063 29.61342 29.73149 29.86203 29.96974 30.03643 30.06779 29.99981 29.86123 29.49651 29.30379 29.13313 28.9935 28.76181 28.53666 28.2564 27.95101 27.6233 27.27534 26.90877 26.52531 26.12728 25.7175 25.3943 24.97457 24.54972 24.12244 23.69569 23.27285 22.85767 22.45385 22.13214 21.75072 21.38589 21.038 20.70752 20.39576 20.10549 19.84081 19.60612 19.36189 19.20125 19.0819 19.00002 18.93354 18.85739 18.76905 18.67023 18.53373 18.42126 18.18484 18.07792
45.29398 44.19548 42.7695 40.90322 38.78031 36.57456 34.4621 32.64016 31.73031 30.73822 30.11367 29.79616 29.70199 29.74484 29.8493 29.95955 30.12289 30.12877 30.08758 29.99977 29.85243 29.69065 29.52039 29.34868 29.17845 29.00043 28.79276 28.28083 27.98375 27.66466 27.32631 26.96997 26.59665 26.28105 25.88796 25.48254 25.06716 24.6443 24.21666 23.78745 23.3604 22.93966 22.60032 22.19564 21.80485 21.42852 21.06679 20.72044 20.39185 20.08545 19.76438 19.51341 19.31083 19.1584 19.054 18.99896 18.91724 18.83084 18.70461 18.60881 18.50841 18.40448 18.29891 18.19501
45.33816 44.23409 42.82901 41.0415 39.00884 36.88085 35.21437 33.41011 31.97679 30.94947 30.30642 29.9776 29.87396 29.9041 29.98922 30.19671 30.21014 30.17978 30.10771 29.99981 29.85119 29.69009 29.52524 29.35781 29.18615 29.00012 28.79321 28.55735 28.29288 28.00337 27.69315 27.36571 27.0674 26.35034 25.96585 25.56683 25.15552 24.73432 24.30608 23.87431 23.52395 23.09284 22.66977 22.25745 21.85701 21.46852 21.09187 20.72818 20.36499 20.02062 19.7117 19.45141 19.24988 19.10591 19.00136 18.94975 18.87835 18.75637 18.66971 18.57949 18.48627 18.39101 18.29497 18.1989
45.3846 44.27966 42.90533 41.21651 39.28552 37.6448 35.62894 33.76107 32.21235 31.17156 30.52539 30.19025 30.07499 30.28754 30.31239 30.3248 30.29831 30.23036 30.12744 29.99983 29.84641 29.68517 29.51649 29.35325 29.18336 28.99996 28.79311 28.55961 28.29972 28.01617 27.73274 27.43092 27.11477 26.77789 26.42023 26.04369 25.65044 25.24265 24.48173 24.04442 23.6052 23.16901 22.73977 22.31964 21.90921 21.50785 21.11523 20.73752 20.34781 19.98096 19.65215 19.37974 19.18233 19.067 18.99873 18.86797 18.79434 18.71741 18.63762 18.55522 18.47054 18.38432 18.2981 18.23431
46.36528 45.4712 44.3783 41.86751 40.11087 38.14824 36.12551 34.20361 32.56412 31.4836 30.80628 30.44553 30.55616 30.49725 30.47988 30.44978 30.3822 30.27742 30.14544 29.99983 29.83471 29.67194 29.51065 29.34772 29.17906 28.9999 28.7943 28.56377 28.32765 28.0558 27.7569 27.47192 27.17147 26.84448 26.49486 26.12484 25.73637 25.42394 25.00486 24.57293 24.13261 23.6892 23.24786 22.8123 21.96351 21.59456 21.16918 20.74759 20.33581 19.94513 19.59245 19.29964 19.09407 18.93094 18.87855 18.81935 18.75406 18.68523 18.6141 18.54103 18.46587 18.38836 18.34838 18.27719
46.50228 45.62718 44.87862 43.73312 42.39495 40.67405 38.737 36.72038 34.78539 31.91509 31.52445 31.05211 30.813 30.70291 30.63814 30.56439 30.45727 30.31832 30.17195 29.99962 29.83614 29.67546 29.51261 29.3467 29.17731 28.99979 28.7984 28.5975 28.36553 28.11445 27.83125 27.54434 27.2433 26.92102 26.5769 26.30603 25.9239 25.52214 25.10276 24.66901 24.22553 23.77786 23.33121 22.97218 22.52822 22.08755 21.64795 21.20798 20.76919 19.92544 19.54942 19.23183 18.99961 18.92333 18.85452 18.79117 18.72924 18.66719 18.60478 18.54184 18.52374 18.47175 18.41481 18.34843
46.89625 46.10795 45.19846 44.12825 42.84308 41.22877 39.35403 37.35956 36.04793 34.29129 32.87942 31.93041 31.36842 31.05927 30.89069 30.66321 30.52147 30.38595 30.18407 29.99903 29.84868 29.69138 29.52293 29.34928 29.17497 28.99936 28.84031 28.65526 28.43577 28.18788 27.91395 27.62749 27.32683 27.10257 26.76626 26.40806 26.02803 25.62706 25.20706 24.77132 24.32464 23.87266 23.51744 23.06266 22.61124 22.16185 21.71205 21.26032 20.80825 20.36237 19.97848 19.58032 19.2443 19.00407 18.93254 18.80501 18.7452 18.68732 18.63138 18.62989 18.5916 18.55148 18.50451 18.44738
47.10824 46.35876 45.50188 44.4886 43.25814 41.78077 39.96928 38.57664 36.62646 34.84049 33.3493 32.25019 31.64639 31.27235 31.04631 30.97549 30.81325 30.63449 30.43125 30.21365 29.89077 29.729 29.54531 29.37429 29.18159 29.00336 28.89631 28.73212 28.51775 28.26995 27.99982 27.71589 27.51419 27.20476 26.87298 26.51794 26.13972 25.7392 25.31839 24.88066 24.54464 24.08459 23.62248 23.16184 22.70374 22.24698 21.78929 21.32925 20.86863 20.49429 20.05691 19.659 19.32723 19.0962 18.99808 18.9082 18.84046 18.83269 18.7808 18.73471 18.70024 18.64546 18.61047 18.56454
47.30595 46.58901 45.77985 44.83538 43.70622 42.68334 40.94771 39.0332 37.10837 35.31794 33.79124 32.63698 31.92373 31.51153 31.22276 31.03892 30.8792 30.70356 30.50621 30.30392 30.12495 29.994 29.79683 29.59387 29.40278 29.22987 28.99604 28.826 28.60516 28.35363 28.16583 27.89598 27.61439 27.31373 26.98732 26.63559 26.25894 25.85862 25.43691 25.12106 24.66601 24.2027 23.73637 23.27067 22.80694 22.34443 21.8813 21.52229 21.05723 20.6003 20.1636 19.7646 19.42506 19.16681 19.00203 18.99838 18.94794 18.89549 18.84338 18.79903 18.77663 18.7616 18.74596 18.72365
47.47791 46.78105 46.00031 45.09539 44.17855 42.85947 41.19915 39.35781 37.48005 35.69788 34.13186 32.88416 32.07727 31.56096 31.28266 31.11163 30.95992 30.78726 30.59036 30.38779 30.22221 30.00047 29.79625 29.60569 29.43045 29.27247 29.13222 29.0031 28.89237 28.7433 28.49359 27.98744 27.72063 27.42932 27.10955 26.76102 26.38546 26.11752 25.69383 25.25136 24.79466 24.32899 23.85944 23.38979 22.92177 22.58002 22.11265 21.64655 21.18357 20.72947 20.29461 19.89391 19.54523 19.26787 19.15252 19.00269 18.99854 18.95448 18.90387 18.86382 18.85308 18.84892 18.93235 18.93139
47.62294 46.93103 46.2588 45.33682 44.24529 42.93224 41.34317 39.58401 37.76707 36.00491 34.6867 33.29479 32.22454 31.68988 31.3983 31.23003 31.07552 30.89098 30.67592 30.50203 30.24041 30.00017 29.79634 29.61805 29.45902 29.3187 29.1968 29.12843 28.99716 28.75 28.54958 28.32827 28.10218 27.84795 27.56106 27.38483 27.03492 26.2548 25.83029 25.38729 24.92998 24.4632 23.99178 23.51961 23.1885 22.71913 22.25246 21.78873 21.32966 20.87991 20.44784 20.04533 19.8549 19.53894 19.28564 19.11257 19.0438 18.99863 18.95423 18.92376 18.92634 18.99995 18.99998 19.0001
48.51387 47.89102 46.34949 45.38939 44.26875 42.95904 41.4352 39.76117 38.01639 36.60696 35.03055 33.64679 32.57394 31.94022 31.58494 31.41284 31.2387 31.175 30.87222 30.55885 30.2595 30.00029 29.80075 29.63427 29.48674 29.38921 29.26683 29.14088 29.00169 28.86384 28.68669 28.47803 28.24873 27.9926 27.85301 27.53061 27.17816 26.79862 26.39498 25.97027 25.52776 25.0712 24.28364 23.81176 23.34079 22.87259 22.40818 21.94825 21.49442 21.05026 20.6224 20.41682 20.04908 19.72404 19.45285 19.24591 19.10528 19.00219 18.99965 19.07095 19.06106 19.05215 19.04192 19.02676
48.68175 48.06917 47.33384 46.46545 45.45483 44.29446 42.98202 41.64677 38.56649 36.96375 35.42652 34.04887 32.924 32.13393 31.78013 31.95427 31.66052 31.3303 30.97906 30.62079 30.28152 30.00053 29.81366 29.65869 29.55211 29.42106 29.29998 29.18686 29.08435 28.99557 28.82639 28.62707 28.53902 28.28771 27.99858 27.67501 27.32086 26.94007 26.53618 26.11237 25.67173 25.36837 24.90855 24.44245 23.97369 23.50544 23.04009 22.57927 21.67652 21.4438 21.02771 20.63193 20.26416 19.93346 19.64902 19.41845 19.24493 19.28555 19.20488 19.15741 19.12538 19.10033 19.07772 19.05415
48.91869 48.32226 47.56261 46.64369 45.57338 44.5164 43.17155 41.85177 40.42787 38.91107 37.36493 35.87019 34.51173 32.52806 32.38024 32.03456 31.78131 31.4574 31.08644 30.6948 30.31421 30.00105 29.87858 29.73278 29.58522 29.45016 29.32868 29.2174 29.11128 29.0019 28.90891 28.85489 28.66168 28.42069 28.13622 27.81407 27.46013 27.07965 26.67698 26.39944 25.96749 25.52337 25.06964 24.60928 24.14559 23.68184 23.22086 22.96344 22.5201 22.08564 21.66208 21.25237 20.86109 20.49456 19.86644 19.61964 19.62095 19.4559 19.33876 19.25643 19.19621 19.14964 19.11114 19.07633
49.26433 48.67978 47.88622 46.90997 46.08012 44.78686 43.43721 42.17477 40.781 39.29765 37.79288 36.33804 35.49163 34.35617 33.43474 32.75087 32.28513 31.96572 31.60656 30.802 30.38491 30.18584 29.9922 29.78815 29.6169 29.47458 29.35337 29.24667 29.15031 29.09103 29.00162 28.92033 28.76208 28.53892 28.26334 27.94562 27.5943 27.34969 26.95534 26.54414 26.1191 25.68251 25.23654 24.78363 24.32675 23.86911 23.61742 23.17337 22.73626 22.30813 21.8909 21.48697 21.09985 20.73464 20.63947 20.32959 20.05534 19.82111 19.62933 19.36215 19.27164 19.20036 19.14291 19.10882
49.74723 49.14669 48.76245 47.66869 46.44893 45.15783 43.85561 42.59243 41.16188 39.68327 38.21064 37.2079 35.93722 34.80867 33.85758 33.09898 32.51445 32.05601 31.74574 31.5173 31.08345 30.6411 30.27003 30.00245 29.7953 29.48846 29.37229 29.295 29.21003 29.13142 29.06007 28.99824 28.854 28.64528 28.3799 28.06905 27.84637 27.48063 27.09374 26.69041 26.27379 25.84607 25.40913 24.96502 24.71324 24.27123 23.83 23.3926 22.96163 22.53926 22.12745 21.72817 21.34421 21.22579 20.88145 20.56276 20.27426 20.01971 19.80147 19.6193 19.46989 19.42463 19.29923 19.19831
50.30894 50.13896 49.1831 48.04884 46.79733 45.48705 44.16945 42.85826 41.44193 40.23685 38.87698 37.56178 36.32625 35.20721 34.23634 33.43084 32.79037 32.45631 32.00094 31.5398 31.09458 30.66876 30.29615 30.0017 29.79068 29.62796 29.5089 29.40791 29.32035 29.2406 29.08765 29.00168 28.91595 28.7354 28.57978 28.2919 27.96563 27.61025 27.23309 26.83929 26.43232 26.01443 25.58736 25.34652 24.91638 24.4831 24.04964 23.61903 23.19394 22.77669 22.3692 22.22028 21.83848 21.47111 21.12134 20.79287 20.48947 20.21448 19.97036 19.89455 19.68214 19.49882 19.34452 19.21918
50.98871 50.39427 49.48727 48.35252 47.07457 45.72476 44.35645 43.06021 41.72674 40.41846 39.12482 37.86079 36.65617 35.54481 34.55646 33.7109 33.17258 32.54075 32.00499 31.52514 31.0782 30.66285 30.29674 30.00089 29.79366 29.64313 29.52719 29.43206 29.34925 29.27354 29.20166 29.13203 29.06491 29.00002 28.86443 28.658 28.08202 27.74003 27.37467 26.99182 26.59536 26.36609 25.95944 25.54489 25.1243 24.69992 24.27437 23.85053 23.43106 23.26231 22.86077 22.46795 22.08534 21.7147 21.35841 21.01934 20.70061 20.40523 20.29946 20.02988 19.78684 19.57219 19.38767 19.23523
51.40233 50.58777 49.72655 48.5897 47.28294 45.88664 44.54591 43.11931 41.8357 40.58975 39.34814 38.12054 36.93469 35.82298 35.01514 34.08883 33.28098 32.59032 32.00414 31.50692 31.05846 30.64917 30.28932 29.99993 29.8055 29.66513 29.55511 29.46309 29.38201 29.30715 29.23506 29.1885 29.1022 29.00146 28.91485 28.73677 28.49102 28.19821 27.8714 27.66736 27.30928 26.54832 26.1515 25.74656 25.3353 24.91974 24.50214 24.08508 23.91222 23.50739 23.10806 22.7157 22.3315 21.95676 21.5932 21.24302 21.11633 20.78135 20.46379 20.16688 19.89388 19.64801 19.43258 19.25093
51.6353 51.32522 50.85507 49.94671 48.90908 47.58005 46.14294 43.23163 42.00208 40.79482 39.57478 38.35771 37.17259 36.23351 35.17092 34.20716 33.35493 32.6205 32.00382 31.49921 31.04937 30.64684 30.27821 29.99913 29.8299 29.702 29.59434 29.5011 29.41824 29.37659 29.29969 29.22206 29.14292 29.06638 28.99744 28.82002 28.58859 28.31403 28.13798 27.81738 27.47259 27.10958 26.73276 26.34531 25.94955 25.54736 25.36006 24.55578 24.15306 23.75241 23.35542 22.96344 22.57743 22.19828 21.82718 21.69038 21.32634 20.97279 20.6327 20.30963 20.0076 19.73117 19.48564 19.31374
51.83223 51.49313 50.96186 50.11344 49.00019 47.71211 46.31216 44.86707 43.46248 42.27624 41.05771 40.04666 37.54831 36.38229 35.29323 34.29684 33.40762 32.63886 32.00233 31.50104 31.06645 30.66505 30.29951 30.00931 29.88412 29.75917 29.64367 29.54353 29.49211 29.41053 29.33226 29.25344 29.17274 29.09011 29.00002 28.8672 28.75991 28.53969 28.27195 27.9678 27.63614 27.28399 26.91673 26.53827 26.34924 25.96508 25.57615 25.18356 24.78849 24.39234 23.99655 23.60254 22.82398 22.6859 22.30146 21.91982 21.54256 21.17197 20.81099 20.46329 20.13337 19.94146 19.63287 19.36316
51.96804 51.61031 50.99245 50.14091 49.07986 47.85345 46.52116 45.15567 43.84079 42.86737 41.54065 40.21642 38.92613 37.6846 36.50359 35.39539 34.37378 33.45422 32.01371 31.5452 31.12736 30.73374 30.38615 30.12793 29.99504 29.82872 29.71603 29.6116 29.52277 29.44207 29.36353 29.28299 29.19755 29.10442 29.06357 28.99796 28.85213 28.65216 28.40368 28.11534 27.79635 27.45471 27.09677 26.90867 26.54015 26.16575 25.7867 25.40374 25.01755 24.62901 24.23923 24.09575 23.7101 23.32337 22.93557 22.54674 22.15746 21.76909 21.00422 20.63408 20.44934 20.08463 19.74275 19.43524
52.12091 51.62653 50.99046 50.168 49.16094 47.99449 46.72037 45.40578 44.27121 42.97027 41.63879 40.31807 39.0317 37.79214 36.60909 35.49314 34.56644 33.62128 32.78725 32.09803 31.68142 31.25178 30.83603 30.19239 30.00029 29.84667 29.73062 29.63489 29.55097 29.47286 29.39565 29.31588 29.23203 29.18326 29.09467 29.00164 28.91605 28.75269 28.52733 28.25529 27.94876 27.76822 27.42971 27.07949 26.72149 26.35797 25.98999 25.61788 25.24186 24.86234 24.7188 24.34203 23.96191 23.57849 23.19154 22.80081 22.40662 22.01009 21.86511 21.45966 21.05587 20.65717 20.26814 19.54892
52.17909 51.64189 50.99255 50.21095 49.25546 48.13239 47.03127 45.7042 44.35212 43.00731 41.67747 40.37502 39.10915 37.88629 36.71406 35.73558 34.71026 33.78127 32.98051 32.35091 31.92306 31.40945 30.94098 30.59058 30.25011 29.99955 29.85794 29.75276 29.66245 29.50503 29.42948 29.38899 29.30951 29.22686 29.14375 29.06545 28.99792 28.8488 28.64088 28.38352 28.21293 27.90327 27.57581 27.2371 26.8912 26.5402 26.18483 25.82508 25.67401 25.31748 24.95555 24.58841 24.21616 23.83864 23.45538 23.0659 22.95082 22.55023 22.14363 21.73311 21.32104 20.91012 20.50393 20.10829
52.25546 51.68265 51.01953 50.29953 49.38567 48.44962 47.16902 45.79896 44.39877 43.01843 41.69481 40.41909 39.18369 38.11321 36.97947 35.8936 34.8754 33.9509 33.15055 32.50092 31.98983 31.50161 31.05007 30.63964 30.28374 30.00785 29.89845 29.79441 29.69925 29.61547 29.57328 29.50085 29.42746 29.35064 29.18602 29.09811 29.00181 28.91319 28.82004 28.58898 28.31834 28.02047 27.70542 27.38003 27.04819 26.71174 26.54821 26.21807 25.88191 25.53943 25.19053 24.83522 24.47338 24.10464 23.72832 23.63554 23.24981 22.85462 22.4515 22.04243 21.6294 21.21433 20.79955 20.74526
